{
    "camera_angle_x": 0.3395565450191498,
    "camera_angle_y": 0.5033799409866333,
    "fl_x": 10080.0,
    "fl_y": 10080.0,
    "k1": 0.0,
    "k2": 0.0,
    "p1": 0.0,
    "p2": 0.0,
    "cx": 1728.0,
    "cy": 2304.0,
    "w": 3456.0,
    "h": 4608.0,
    "aabb_scale": 1,
    "frames": [
        {
            "file_path": "train\\0001.png",
            "transform_matrix": [
                [
                    0.7071067690849304,
                    -3.0908619663705394e-08,
                    -0.7071067690849304,
                    -2.8284270763397217
                ],
                [
                    -0.7071067690849304,
                    -3.0908619663705394e-08,
                    -0.7071067690849304,
                    -2.8284270763397217
                ],
                [
                    0.0,
                    1.0,
                    -4.371138828673793e-08,
                    0.0
                ],
                [
                    0.0,
                    0.0,
                    0.0,
                    1.0
                ]
            ]
        },
        {
            "file_path": "train\\0002.png",
            "transform_matrix": [
                [
                    0.7630840539932251,
                    -2.8250637384985566e-08,
                    -0.6462992429733276,
                    -2.5851969718933105
                ],
                [
                    -0.6462992429733276,
                    -3.335546239213727e-08,
                    -0.7630840539932251,
                    -3.0523362159729004
                ],
                [
                    0.0,
                    1.0,
                    -4.371138828673793e-08,
                    0.0
                ],
                [
                    0.0,
                    0.0,
                    0.0,
                    1.0
                ]
            ]
        },
        {
            "file_path": "train\\0003.png",
            "transform_matrix": [
                [
                    0.8138486742973328,
                    -2.5399677028303813e-08,
                    -0.5810768604278564,
                    -2.324307441711426
                ],
                [
                    -0.5810768604278564,
                    -3.557445538149295e-08,
                    -0.8138486742973328,
                    -3.255394697189331
                ],
                [
                    0.0,
                    1.0,
                    -4.371138828673793e-08,
                    0.0
                ],
                [
                    0.0,
                    0.0,
                    0.0,
                    1.0
                ]
            ]
        },
        {
            "file_path": "train\\0004.png",
            "transform_matrix": [
                [
                    0.8590539693832397,
                    -2.2375205688263122e-08,
                    -0.5118850469589233,
                    -2.0475401878356934
                ],
                [
                    -0.5118850469589233,
                    -3.755044275521868e-08,
                    -0.8590539693832397,
                    -3.436215877532959
                ],
                [
                    0.0,
                    1.0,
                    -4.371138828673793e-08,
                    0.0
                ],
                [
                    0.0,
                    0.0,
                    0.0,
                    1.0
                ]
            ]
        },
        {
            "file_path": "train\\0005.png",
            "transform_matrix": [
                [
                    0.8983909487724304,
                    -1.9197893053046755e-08,
                    -0.4391966164112091,
                    -1.7567864656448364
                ],
                [
                    -0.4391966164112091,
                    -3.926991709590766e-08,
                    -0.8983909487724304,
                    -3.5935637950897217
                ],
                [
                    0.0,
                    1.0,
                    -4.371138828673793e-08,
                    0.0
                ],
                [
                    0.0,
                    0.0,
                    0.0,
                    1.0
                ]
            ]
        },
        {
            "file_path": "train\\0006.png",
            "transform_matrix": [
                [
                    0.9315910935401917,
                    -1.5889437321447986e-08,
                    -0.3635079562664032,
                    -1.4540318250656128
                ],
                [
                    -0.3635079562664032,
                    -4.072114023756512e-08,
                    -0.9315910935401917,
                    -3.7263643741607666
                ],
                [
                    0.0,
                    1.0,
                    -4.371138828673793e-08,
                    0.0
                ],
                [
                    0.0,
                    0.0,
                    0.0,
                    1.0
                ]
            ]
        },
        {
            "file_path": "train\\0007.png",
            "transform_matrix": [
                [
                    0.9584274888038635,
                    -1.2472443522426602e-08,
                    -0.2853362560272217,
                    -1.1413450241088867
                ],
                [
                    -0.2853362560272217,
                    -4.1894196556313545e-08,
                    -0.9584274888038635,
                    -3.833709955215454
                ],
                [
                    0.0,
                    1.0,
                    -4.371138828673793e-08,
                    0.0
                ],
                [
                    0.0,
                    0.0,
                    0.0,
                    1.0
                ]
            ]
        },
        {
            "file_path": "train\\0008.png",
            "transform_matrix": [
                [
                    0.9787168502807617,
                    -8.970245879424965e-09,
                    -0.20521530508995056,
                    -0.8208612203598022
                ],
                [
                    -0.20521530508995056,
                    -4.278107113009355e-08,
                    -0.9787168502807617,
                    -3.914867401123047
                ],
                [
                    0.0,
                    1.0,
                    -4.371138828673793e-08,
                    0.0
                ],
                [
                    0.0,
                    0.0,
                    0.0,
                    1.0
                ]
            ]
        },
        {
            "file_path": "train\\0009.png",
            "transform_matrix": [
                [
                    0.9923205971717834,
                    -5.406778136318735e-09,
                    -0.12369266152381897,
                    -0.4947706460952759
                ],
                [
                    -0.12369266152381897,
                    -4.3375710134796464e-08,
                    -0.9923205971717834,
                    -3.969282388687134
                ],
                [
                    0.0,
                    1.0,
                    -4.371138828673793e-08,
                    0.0
                ],
                [
                    0.0,
                    0.0,
                    0.0,
                    1.0
                ]
            ]
        },
        {
            "file_path": "train\\0010.png",
            "transform_matrix": [
                [
                    0.9991457462310791,
                    -1.806373273183226e-09,
                    -0.041325002908706665,
                    -0.16530001163482666
                ],
                [
                    -0.041325002908706665,
                    -4.3674049265973736e-08,
                    -0.9991457462310791,
                    -3.9965829849243164
                ],
                [
                    0.0,
                    1.0,
                    -4.371138828673793e-08,
                    0.0
                ],
                [
                    0.0,
                    0.0,
                    0.0,
                    1.0
                ]
            ]
        },
        {
            "file_path": "train\\0011.png",
            "transform_matrix": [
                [
                    0.9991457462310791,
                    1.806373273183226e-09,
                    0.041325002908706665,
                    0.16530001163482666
                ],
                [
                    0.041325002908706665,
                    -4.3674049265973736e-08,
                    -0.9991457462310791,
                    -3.9965829849243164
                ],
                [
                    0.0,
                    1.0,
                    -4.371138828673793e-08,
                    0.0
                ],
                [
                    0.0,
                    0.0,
                    0.0,
                    1.0
                ]
            ]
        },
        {
            "file_path": "train\\0012.png",
            "transform_matrix": [
                [
                    0.9923205971717834,
                    5.406778136318735e-09,
                    0.12369266152381897,
                    0.4947706460952759
                ],
                [
                    0.12369266152381897,
                    -4.3375710134796464e-08,
                    -0.9923205971717834,
                    -3.969282388687134
                ],
                [
                    0.0,
                    1.0,
                    -4.371138828673793e-08,
                    0.0
                ],
                [
                    0.0,
                    0.0,
                    0.0,
                    1.0
                ]
            ]
        },
        {
            "file_path": "train\\0013.png",
            "transform_matrix": [
                [
                    0.9787168502807617,
                    8.970245879424965e-09,
                    0.20521530508995056,
                    0.8208612203598022
                ],
                [
                    0.20521530508995056,
                    -4.278107113009355e-08,
                    -0.9787168502807617,
                    -3.914867401123047
                ],
                [
                    0.0,
                    1.0,
                    -4.371138828673793e-08,
                    0.0
                ],
                [
                    0.0,
                    0.0,
                    0.0,
                    1.0
                ]
            ]
        },
        {
            "file_path": "train\\0014.png",
            "transform_matrix": [
                [
                    0.9584274888038635,
                    1.2472443522426602e-08,
                    0.2853362560272217,
                    1.1413450241088867
                ],
                [
                    0.2853362560272217,
                    -4.1894196556313545e-08,
                    -0.9584274888038635,
                    -3.833709955215454
                ],
                [
                    0.0,
                    1.0,
                    -4.371138828673793e-08,
                    0.0
                ],
                [
                    0.0,
                    0.0,
                    0.0,
                    1.0
                ]
            ]
        },
        {
            "file_path": "train\\0015.png",
            "transform_matrix": [
                [
                    0.9315910339355469,
                    1.5889440874161664e-08,
                    0.36350804567337036,
                    1.4540321826934814
                ],
                [
                    0.36350804567337036,
                    -4.0721136684851444e-08,
                    -0.9315910339355469,
                    -3.7263641357421875
                ],
                [
                    0.0,
                    1.0,
                    -4.371138828673793e-08,
                    0.0
                ],
                [
                    0.0,
                    0.0,
                    0.0,
                    1.0
                ]
            ]
        },
        {
            "file_path": "train\\0016.png",
            "transform_matrix": [
                [
                    0.8983909487724304,
                    1.9197893053046755e-08,
                    0.4391966164112091,
                    1.7567864656448364
                ],
                [
                    0.4391966164112091,
                    -3.926991709590766e-08,
                    -0.8983909487724304,
                    -3.5935637950897217
                ],
                [
                    0.0,
                    1.0,
                    -4.371138828673793e-08,
                    0.0
                ],
                [
                    0.0,
                    0.0,
                    0.0,
                    1.0
                ]
            ]
        },
        {
            "file_path": "train\\0017.png",
            "transform_matrix": [
                [
                    0.8590539693832397,
                    2.2375205688263122e-08,
                    0.5118850469589233,
                    2.0475401878356934
                ],
                [
                    0.5118850469589233,
                    -3.755044275521868e-08,
                    -0.8590539693832397,
                    -3.436215877532959
                ],
                [
                    0.0,
                    1.0,
                    -4.371138828673793e-08,
                    0.0
                ],
                [
                    0.0,
                    0.0,
                    0.0,
                    1.0
                ]
            ]
        },
        {
            "file_path": "train\\0018.png",
            "transform_matrix": [
                [
                    0.8138486742973328,
                    2.5399677028303813e-08,
                    0.5810768604278564,
                    2.324307441711426
                ],
                [
                    0.5810768604278564,
                    -3.557445538149295e-08,
                    -0.8138486742973328,
                    -3.255394697189331
                ],
                [
                    0.0,
                    1.0,
                    -4.371138828673793e-08,
                    0.0
                ],
                [
                    0.0,
                    0.0,
                    0.0,
                    1.0
                ]
            ]
        },
        {
            "file_path": "train\\0019.png",
            "transform_matrix": [
                [
                    0.7630841135978699,
                    2.8250633832271888e-08,
                    0.6462991833686829,
                    2.5851967334747314
                ],
                [
                    0.6462991833686829,
                    -3.335546594485095e-08,
                    -0.7630841135978699,
                    -3.0523364543914795
                ],
                [
                    0.0,
                    1.0,
                    -4.371138828673793e-08,
                    0.0
                ],
                [
                    0.0,
                    0.0,
                    0.0,
                    1.0
                ]
            ]
        },
        {
            "file_path": "train\\0020.png",
            "transform_matrix": [
                [
                    0.7071067690849304,
                    3.0908619663705394e-08,
                    0.7071067690849304,
                    2.8284270763397217
                ],
                [
                    0.7071067690849304,
                    -3.0908619663705394e-08,
                    -0.7071067690849304,
                    -2.8284270763397217
                ],
                [
                    0.0,
                    1.0,
                    -4.371138828673793e-08,
                    0.0
                ],
                [
                    0.0,
                    0.0,
                    0.0,
                    1.0
                ]
            ]
        },
        {
            "file_path": "train\\0021.png",
            "transform_matrix": [
                [
                    0.649448037147522,
                    3.323840047642079e-08,
                    0.760405957698822,
                    3.041623830795288
                ],
                [
                    0.760405957698822,
                    -2.8388274841972816e-08,
                    -0.649448037147522,
                    -2.597792148590088
                ],
                [
                    0.0,
                    1.0,
                    -4.371138828673793e-08,
                    0.0
                ],
                [
                    0.0,
                    0.0,
                    0.0,
                    1.0
                ]
            ]
        },
        {
            "file_path": "train\\0022.png",
            "transform_matrix": [
                [
                    0.5877852439880371,
                    3.53632572114293e-08,
                    0.80901700258255,
                    3.2360680103302
                ],
                [
                    0.80901700258255,
                    -2.569290913356781e-08,
                    -0.5877852439880371,
                    -2.3511409759521484
                ],
                [
                    0.0,
                    1.0,
                    -4.371138828673793e-08,
                    0.0
                ],
                [
                    0.0,
                    0.0,
                    0.0,
                    1.0
                ]
            ]
        },
        {
            "file_path": "train\\0023.png",
            "transform_matrix": [
                [
                    0.5224984884262085,
                    3.72700874606835e-08,
                    0.8526402115821838,
                    3.4105608463287354
                ],
                [
                    0.8526402115821838,
                    -2.2839135027652446e-08,
                    -0.5224984884262085,
                    -2.089993953704834
                ],
                [
                    0.0,
                    1.0,
                    -4.371138828673793e-08,
                    0.0
                ],
                [
                    0.0,
                    0.0,
                    0.0,
                    1.0
                ]
            ]
        },
        {
            "file_path": "train\\0024.png",
            "transform_matrix": [
                [
                    0.45399051904678345,
                    3.894713174190656e-08,
                    0.8910065293312073,
                    3.564026117324829
                ],
                [
                    0.8910065293312073,
                    -1.9844556220505183e-08,
                    -0.45399051904678345,
                    -1.8159620761871338
                ],
                [
                    0.0,
                    1.0,
                    -4.371138828673793e-08,
                    0.0
                ],
                [
                    0.0,
                    0.0,
                    0.0,
                    1.0
                ]
            ]
        },
        {
            "file_path": "train\\0025.png",
            "transform_matrix": [
                [
                    0.3826834261417389,
                    4.038405521100685e-08,
                    0.9238795042037964,
                    3.6955180168151855
                ],
                [
                    0.9238795042037964,
                    -1.672762373061687e-08,
                    -0.3826834261417389,
                    -1.5307337045669556
                ],
                [
                    0.0,
                    1.0,
                    -4.371138828673793e-08,
                    0.0
                ],
                [
                    0.0,
                    0.0,
                    0.0,
                    1.0
                ]
            ]
        },
        {
            "file_path": "train\\0026.png",
            "transform_matrix": [
                [
                    0.30901697278022766,
                    4.157200095278313e-08,
                    0.9510565400123596,
                    3.8042261600494385
                ],
                [
                    0.9510565400123596,
                    -1.3507561291703496e-08,
                    -0.30901697278022766,
                    -1.2360678911209106
                ],
                [
                    0.0,
                    1.0,
                    -4.371138828673793e-08,
                    0.0
                ],
                [
                    0.0,
                    0.0,
                    0.0,
                    1.0
                ]
            ]
        },
        {
            "file_path": "train\\0027.png",
            "transform_matrix": [
                [
                    0.23344530165195465,
                    4.250363971891602e-08,
                    0.972369909286499,
                    3.889479637145996
                ],
                [
                    0.972369909286499,
                    -1.020421791508852e-08,
                    -0.23344530165195465,
                    -0.9337812066078186
                ],
                [
                    0.0,
                    1.0,
                    -4.371138828673793e-08,
                    0.0
                ],
                [
                    0.0,
                    0.0,
                    0.0,
                    1.0
                ]
            ]
        },
        {
            "file_path": "train\\0028.png",
            "transform_matrix": [
                [
                    0.15643449127674103,
                    4.3173230324100587e-08,
                    0.9876883625984192,
                    3.9507534503936768
                ],
                [
                    0.9876883625984192,
                    -6.837968857809074e-09,
                    -0.15643449127674103,
                    -0.6257379651069641
                ],
                [
                    0.0,
                    1.0,
                    -4.371138828673793e-08,
                    0.0
                ],
                [
                    0.0,
                    0.0,
                    0.0,
                    1.0
                ]
            ]
        },
        {
            "file_path": "train\\0029.png",
            "transform_matrix": [
                [
                    0.07845920324325562,
                    4.3576640962328383e-08,
                    0.9969173073768616,
                    3.9876692295074463
                ],
                [
                    0.9969173073768616,
                    -3.429560635481721e-09,
                    -0.07845920324325562,
                    -0.31383681297302246
                ],
                [
                    0.0,
                    1.0,
                    -4.371138828673793e-08,
                    0.0
                ],
                [
                    0.0,
                    0.0,
                    0.0,
                    1.0
                ]
            ]
        },
        {
            "file_path": "train\\0030.png",
            "transform_matrix": [
                [
                    7.549790126404332e-08,
                    4.371138828673793e-08,
                    1.0,
                    4.0
                ],
                [
                    1.0,
                    -3.3001180777756647e-15,
                    -7.549790126404332e-08,
                    -3.019916050561733e-07
                ],
                [
                    0.0,
                    1.0,
                    -4.371138828673793e-08,
                    0.0
                ],
                [
                    0.0,
                    0.0,
                    0.0,
                    1.0
                ]
            ]
        },
        {
            "file_path": "train\\0031.png",
            "transform_matrix": [
                [
                    -0.07845905423164368,
                    4.3576640962328383e-08,
                    0.9969173073768616,
                    3.9876692295074463
                ],
                [
                    0.9969173073768616,
                    3.429554196188178e-09,
                    0.07845905423164368,
                    0.3138362169265747
                ],
                [
                    0.0,
                    1.0,
                    -4.371138828673793e-08,
                    0.0
                ],
                [
                    0.0,
                    0.0,
                    0.0,
                    1.0
                ]
            ]
        },
        {
            "file_path": "train\\0032.png",
            "transform_matrix": [
                [
                    -0.15643444657325745,
                    4.3173230324100587e-08,
                    0.9876883625984192,
                    3.9507534503936768
                ],
                [
                    0.9876883625984192,
                    6.837966637363024e-09,
                    0.15643444657325745,
                    0.6257377862930298
                ],
                [
                    0.0,
                    1.0,
                    -4.371138828673793e-08,
                    0.0
                ],
                [
                    0.0,
                    0.0,
                    0.0,
                    1.0
                ]
            ]
        },
        {
            "file_path": "train\\0033.png",
            "transform_matrix": [
                [
                    -0.23344539105892181,
                    4.250363971891602e-08,
                    0.972369909286499,
                    3.889479637145996
                ],
                [
                    0.972369909286499,
                    1.0204222355980619e-08,
                    0.23344539105892181,
                    0.9337815642356873
                ],
                [
                    0.0,
                    1.0,
                    -4.371138828673793e-08,
                    0.0
                ],
                [
                    0.0,
                    0.0,
                    0.0,
                    1.0
                ]
            ]
        },
        {
            "file_path": "train\\0034.png",
            "transform_matrix": [
                [
                    -0.30901703238487244,
                    4.157199740006945e-08,
                    0.9510564804077148,
                    3.8042259216308594
                ],
                [
                    0.9510564804077148,
                    1.3507563068060335e-08,
                    0.30901703238487244,
                    1.2360681295394897
                ],
                [
                    0.0,
                    1.0,
                    -4.371138828673793e-08,
                    0.0
                ],
                [
                    0.0,
                    0.0,
                    0.0,
                    1.0
                ]
            ]
        },
        {
            "file_path": "train\\0035.png",
            "transform_matrix": [
                [
                    -0.38268327713012695,
                    4.038405876372053e-08,
                    0.9238795638084412,
                    3.6955182552337646
                ],
                [
                    0.9238795638084412,
                    1.6727616625189512e-08,
                    0.38268327713012695,
                    1.5307331085205078
                ],
                [
                    0.0,
                    1.0,
                    -4.371138828673793e-08,
                    0.0
                ],
                [
                    0.0,
                    0.0,
                    0.0,
                    1.0
                ]
            ]
        },
        {
            "file_path": "train\\0036.png",
            "transform_matrix": [
                [
                    -0.4539903998374939,
                    3.894713529462024e-08,
                    0.891006588935852,
                    3.564026355743408
                ],
                [
                    0.891006588935852,
                    1.9844550891434665e-08,
                    0.4539903998374939,
                    1.8159615993499756
                ],
                [
                    0.0,
                    1.0,
                    -4.371138828673793e-08,
                    0.0
                ],
                [
                    0.0,
                    0.0,
                    0.0,
                    1.0
                ]
            ]
        },
        {
            "file_path": "train\\0037.png",
            "transform_matrix": [
                [
                    -0.5224984884262085,
                    3.72700874606835e-08,
                    0.8526402115821838,
                    3.4105608463287354
                ],
                [
                    0.8526402115821838,
                    2.2839135027652446e-08,
                    0.5224984884262085,
                    2.089993953704834
                ],
                [
                    0.0,
                    1.0,
                    -4.371138828673793e-08,
                    0.0
                ],
                [
                    0.0,
                    0.0,
                    0.0,
                    1.0
                ]
            ]
        },
        {
            "file_path": "train\\0038.png",
            "transform_matrix": [
                [
                    -0.5877851843833923,
                    3.53632572114293e-08,
                    0.80901700258255,
                    3.2360680103302
                ],
                [
                    0.80901700258255,
                    2.569290558085413e-08,
                    0.5877851843833923,
                    2.3511407375335693
                ],
                [
                    0.0,
                    1.0,
                    -4.371138828673793e-08,
                    0.0
                ],
                [
                    0.0,
                    0.0,
                    0.0,
                    1.0
                ]
            ]
        },
        {
            "file_path": "train\\0039.png",
            "transform_matrix": [
                [
                    -0.649448037147522,
                    3.323840047642079e-08,
                    0.760405957698822,
                    3.041623830795288
                ],
                [
                    0.760405957698822,
                    2.8388274841972816e-08,
                    0.649448037147522,
                    2.597792148590088
                ],
                [
                    0.0,
                    1.0,
                    -4.371138828673793e-08,
                    0.0
                ],
                [
                    0.0,
                    0.0,
                    0.0,
                    1.0
                ]
            ]
        },
        {
            "file_path": "train\\0040.png",
            "transform_matrix": [
                [
                    -0.7071067690849304,
                    3.0908619663705394e-08,
                    0.7071067690849304,
                    2.8284270763397217
                ],
                [
                    0.7071067690849304,
                    3.0908619663705394e-08,
                    0.7071067690849304,
                    2.8284270763397217
                ],
                [
                    0.0,
                    1.0,
                    -4.371138828673793e-08,
                    0.0
                ],
                [
                    0.0,
                    0.0,
                    0.0,
                    1.0
                ]
            ]
        },
        {
            "file_path": "train\\0041.png",
            "transform_matrix": [
                [
                    -0.7604060173034668,
                    2.8388274841972816e-08,
                    0.649448037147522,
                    2.597792148590088
                ],
                [
                    0.649448037147522,
                    3.323840402913447e-08,
                    0.7604060173034668,
                    3.041624069213867
                ],
                [
                    0.0,
                    1.0,
                    -4.371138828673793e-08,
                    0.0
                ],
                [
                    0.0,
                    0.0,
                    0.0,
                    1.0
                ]
            ]
        },
        {
            "file_path": "train\\0042.png",
            "transform_matrix": [
                [
                    -0.8090170621871948,
                    2.569290558085413e-08,
                    0.5877851843833923,
                    2.3511407375335693
                ],
                [
                    0.5877851843833923,
                    3.53632572114293e-08,
                    0.8090170621871948,
                    3.2360682487487793
                ],
                [
                    0.0,
                    1.0,
                    -4.371138828673793e-08,
                    0.0
                ],
                [
                    0.0,
                    0.0,
                    0.0,
                    1.0
                ]
            ]
        },
        {
            "file_path": "train\\0043.png",
            "transform_matrix": [
                [
                    -0.8526402115821838,
                    2.2839135027652446e-08,
                    0.5224984884262085,
                    2.089993953704834
                ],
                [
                    0.5224984884262085,
                    3.72700874606835e-08,
                    0.8526402115821838,
                    3.4105608463287354
                ],
                [
                    0.0,
                    1.0,
                    -4.371138828673793e-08,
                    0.0
                ],
                [
                    0.0,
                    0.0,
                    0.0,
                    1.0
                ]
            ]
        },
        {
            "file_path": "train\\0044.png",
            "transform_matrix": [
                [
                    -0.8910064697265625,
                    1.9844557996862022e-08,
                    0.4539905786514282,
                    1.815962314605713
                ],
                [
                    0.4539905786514282,
                    3.894712818919288e-08,
                    0.8910064697265625,
                    3.56402587890625
                ],
                [
                    0.0,
                    1.0,
                    -4.371138828673793e-08,
                    0.0
                ],
                [
                    0.0,
                    0.0,
                    0.0,
                    1.0
                ]
            ]
        },
        {
            "file_path": "train\\0045.png",
            "transform_matrix": [
                [
                    -0.9238795042037964,
                    1.672762728333055e-08,
                    0.38268348574638367,
                    1.5307339429855347
                ],
                [
                    0.38268348574638367,
                    4.038405521100685e-08,
                    0.9238795042037964,
                    3.6955180168151855
                ],
                [
                    0.0,
                    1.0,
                    -4.371138828673793e-08,
                    0.0
                ],
                [
                    0.0,
                    0.0,
                    0.0,
                    1.0
                ]
            ]
        },
        {
            "file_path": "train\\0046.png",
            "transform_matrix": [
                [
                    -0.9510564804077148,
                    1.3507563068060335e-08,
                    0.30901703238487244,
                    1.2360681295394897
                ],
                [
                    0.30901703238487244,
                    4.157199740006945e-08,
                    0.9510564804077148,
                    3.8042259216308594
                ],
                [
                    0.0,
                    1.0,
                    -4.371138828673793e-08,
                    0.0
                ],
                [
                    0.0,
                    0.0,
                    0.0,
                    1.0
                ]
            ]
        },
        {
            "file_path": "train\\0047.png",
            "transform_matrix": [
                [
                    -0.972369909286499,
                    1.02042214678022e-08,
                    0.23344537615776062,
                    0.9337815046310425
                ],
                [
                    0.23344537615776062,
                    4.250363971891602e-08,
                    0.972369909286499,
                    3.889479637145996
                ],
                [
                    0.0,
                    1.0,
                    -4.371138828673793e-08,
                    0.0
                ],
                [
                    0.0,
                    0.0,
                    0.0,
                    1.0
                ]
            ]
        },
        {
            "file_path": "train\\0048.png",
            "transform_matrix": [
                [
                    -0.9876883625984192,
                    6.837966637363024e-09,
                    0.15643444657325745,
                    0.6257377862930298
                ],
                [
                    0.15643444657325745,
                    4.3173230324100587e-08,
                    0.9876883625984192,
                    3.9507534503936768
                ],
                [
                    0.0,
                    1.0,
                    -4.371138828673793e-08,
                    0.0
                ],
                [
                    0.0,
                    0.0,
                    0.0,
                    1.0
                ]
            ]
        },
        {
            "file_path": "train\\0049.png",
            "transform_matrix": [
                [
                    -0.9969173073768616,
                    3.429563966150795e-09,
                    0.07845927774906158,
                    0.31383711099624634
                ],
                [
                    0.07845927774906158,
                    4.3576640962328383e-08,
                    0.9969173073768616,
                    3.9876692295074463
                ],
                [
                    0.0,
                    1.0,
                    -4.371138828673793e-08,
                    0.0
                ],
                [
                    0.0,
                    0.0,
                    0.0,
                    1.0
                ]
            ]
        },
        {
            "file_path": "train\\0050.png",
            "transform_matrix": [
                [
                    -1.0,
                    6.6002361555513294e-15,
                    1.5099580252808664e-07,
                    6.039832101123466e-07
                ],
                [
