{
    "camera_angle_x": 0.3395565450191498,
    "camera_angle_y": 0.5033799409866333,
    "fl_x": 8960.0,
    "fl_y": 8960.0,
    "k1": 0.0,
    "k2": 0.0,
    "p1": 0.0,
    "p2": 0.0,
    "cx": 1536.0,
    "cy": 2048.0,
    "w": 3072.0,
    "h": 4096.0,
    "aabb_scale": 1,
    "frames": [
        {
            "file_path": "train\\0001.png",
            "transform_matrix": [
                [
                    0.7071067690849304,
                    -3.0908619663705394e-08,
                    -0.7071067690849304,
                    -2.8284270763397217
                ],
                [
                    -0.7071067690849304,
                    -3.0908619663705394e-08,
                    -0.7071067690849304,
                    -2.8284270763397217
                ],
                [
                    0.0,
                    1.0,
                    -4.371138828673793e-08,
                    0.0
                ],
                [
                    0.0,
                    0.0,
                    0.0,
                    1.0
                ]
            ]
        },
        {
            "file_path": "train\\0002.png",
            "transform_matrix": [
                [
                    0.7771459221839905,
                    -2.7508468392056784e-08,
                    -0.6293203830718994,
                    -2.5172815322875977
                ],
                [
                    -0.6293203830718994,
                    -3.397012804384758e-08,
                    -0.7771459221839905,
                    -3.108583688735962
                ],
                [
                    0.0,
                    1.0,
                    -4.371138828673793e-08,
                    0.0
                ],
                [
                    0.0,
                    0.0,
                    0.0,
                    1.0
                ]
            ]
        },
        {
            "file_path": "train\\0003.png",
            "transform_matrix": [
                [
                    0.838670551776886,
                    -2.380692976089449e-08,
                    -0.5446390509605408,
                    -2.178556203842163
                ],
                [
                    -0.5446390509605408,
                    -3.6659454138998626e-08,
                    -0.838670551776886,
                    -3.354682207107544
                ],
                [
                    0.0,
                    1.0,
                    -4.371138828673793e-08,
                    0.0
                ],
                [
                    0.0,
                    0.0,
                    0.0,
                    1.0
                ]
            ]
        },
        {
            "file_path": "train\\0004.png",
            "transform_matrix": [
                [
                    0.8910065293312073,
                    -1.9844556220505183e-08,
                    -0.45399051904678345,
                    -1.8159620761871338
                ],
                [
                    -0.45399051904678345,
                    -3.894713174190656e-08,
                    -0.8910065293312073,
                    -3.564026117324829
                ],
                [
                    0.0,
                    1.0,
                    -4.371138828673793e-08,
                    0.0
                ],
                [
                    0.0,
                    0.0,
                    0.0,
                    1.0
                ]
            ]
        },
        {
            "file_path": "train\\0005.png",
            "transform_matrix": [
                [
                    0.9335803985595703,
                    -1.5664760155686963e-08,
                    -0.3583679497241974,
                    -1.4334717988967896
                ],
                [
                    -0.3583679497241974,
                    -4.0808096457567444e-08,
                    -0.9335803985595703,
                    -3.7343215942382812
                ],
                [
                    0.0,
                    1.0,
                    -4.371138828673793e-08,
                    0.0
                ],
                [
                    0.0,
                    0.0,
                    0.0,
                    1.0
                ]
            ]
        },
        {
            "file_path": "train\\0006.png",
            "transform_matrix": [
                [
                    0.9659258127212524,
                    -1.1313339598473249e-08,
                    -0.258819043636322,
                    -1.035276174545288
                ],
                [
                    -0.258819043636322,
                    -4.222195926217864e-08,
                    -0.9659258127212524,
                    -3.8637032508850098
                ],
                [
                    0.0,
                    1.0,
                    -4.371138828673793e-08,
                    0.0
                ],
                [
                    0.0,
                    0.0,
                    0.0,
                    1.0
                ]
            ]
        },
        {
            "file_path": "train\\0007.png",
            "transform_matrix": [
                [
                    0.9876883625984192,
                    -6.837967969630654e-09,
                    -0.15643447637557983,
                    -0.6257379055023193
                ],
                [
                    -0.15643447637557983,
                    -4.3173230324100587e-08,
                    -0.9876883625984192,
                    -3.9507534503936768
                ],
                [
                    0.0,
                    1.0,
                    -4.371138828673793e-08,
                    0.0
                ],
                [
                    0.0,
                    0.0,
                    0.0,
                    1.0
                ]
            ]
        },
        {
            "file_path": "train\\0008.png",
            "transform_matrix": [
                [
                    0.9986295104026794,
                    -2.287677380863329e-09,
                    -0.0523359589278698,
                    -0.2093438357114792
                ],
                [
                    -0.0523359589278698,
                    -4.3651482428685995e-08,
                    -0.9986295104026794,
                    -3.9945180416107178
                ],
                [
                    0.0,
                    1.0,
                    -4.371138828673793e-08,
                    0.0
                ],
                [
                    0.0,
                    0.0,
                    0.0,
                    1.0
                ]
            ]
        },
        {
            "file_path": "train\\0009.png",
            "transform_matrix": [
                [
                    0.9986295104026794,
                    2.287677380863329e-09,
                    0.0523359589278698,
                    0.2093438357114792
                ],
                [
                    0.0523359589278698,
                    -4.3651482428685995e-08,
                    -0.9986295104026794,
                    -3.9945180416107178
                ],
                [
                    0.0,
                    1.0,
                    -4.371138828673793e-08,
                    0.0
                ],
                [
                    0.0,
                    0.0,
                    0.0,
                    1.0
                ]
            ]
        },
        {
            "file_path": "train\\0010.png",
            "transform_matrix": [
                [
                    0.9876883625984192,
                    6.837967969630654e-09,
                    0.15643447637557983,
                    0.6257379055023193
                ],
                [
                    0.15643447637557983,
                    -4.3173230324100587e-08,
                    -0.9876883625984192,
                    -3.9507534503936768
                ],
                [
                    0.0,
                    1.0,
                    -4.371138828673793e-08,
                    0.0
                ],
                [
                    0.0,
                    0.0,
                    0.0,
                    1.0
                ]
            ]
        },
        {
            "file_path": "train\\0011.png",
            "transform_matrix": [
                [
                    0.9659258127212524,
                    1.1313339598473249e-08,
                    0.258819043636322,
                    1.035276174545288
                ],
                [
                    0.258819043636322,
                    -4.222195926217864e-08,
                    -0.9659258127212524,
                    -3.8637032508850098
                ],
                [
                    0.0,
                    1.0,
                    -4.371138828673793e-08,
                    0.0
                ],
                [
                    0.0,
                    0.0,
                    0.0,
                    1.0
                ]
            ]
        },
        {
            "file_path": "train\\0012.png",
            "transform_matrix": [
                [
                    0.9335803985595703,
                    1.5664760155686963e-08,
                    0.3583679497241974,
                    1.4334717988967896
                ],
                [
                    0.3583679497241974,
                    -4.0808096457567444e-08,
                    -0.9335803985595703,
                    -3.7343215942382812
                ],
                [
                    0.0,
                    1.0,
                    -4.371138828673793e-08,
                    0.0
                ],
                [
                    0.0,
                    0.0,
                    0.0,
                    1.0
                ]
            ]
        },
        {
            "file_path": "train\\0013.png",
            "transform_matrix": [
                [
                    0.8910065293312073,
                    1.9844556220505183e-08,
                    0.45399051904678345,
                    1.8159620761871338
                ],
                [
                    0.45399051904678345,
                    -3.894713174190656e-08,
                    -0.8910065293312073,
                    -3.564026117324829
                ],
                [
                    0.0,
                    1.0,
                    -4.371138828673793e-08,
                    0.0
                ],
                [
                    0.0,
                    0.0,
                    0.0,
                    1.0
                ]
            ]
        },
        {
            "file_path": "train\\0014.png",
            "transform_matrix": [
                [
                    0.838670551776886,
                    2.380692976089449e-08,
                    0.5446390509605408,
                    2.178556203842163
                ],
                [
                    0.5446390509605408,
                    -3.6659454138998626e-08,
                    -0.838670551776886,
                    -3.354682207107544
                ],
                [
                    0.0,
                    1.0,
                    -4.371138828673793e-08,
                    0.0
                ],
                [
                    0.0,
                    0.0,
                    0.0,
                    1.0
                ]
            ]
        },
        {
            "file_path": "train\\0015.png",
            "transform_matrix": [
                [
                    0.7771459221839905,
                    2.7508468392056784e-08,
                    0.6293203830718994,
                    2.5172815322875977
                ],
                [
                    0.6293203830718994,
                    -3.397012804384758e-08,
                    -0.7771459221839905,
                    -3.108583688735962
                ],
                [
                    0.0,
                    1.0,
                    -4.371138828673793e-08,
                    0.0
                ],
                [
                    0.0,
                    0.0,
                    0.0,
                    1.0
                ]
            ]
        },
        {
            "file_path": "train\\0016.png",
            "transform_matrix": [
                [
                    0.7071067690849304,
                    3.0908619663705394e-08,
                    0.7071067690849304,
                    2.8284270763397217
                ],
                [
                    0.7071067690849304,
                    -3.0908619663705394e-08,
                    -0.7071067690849304,
                    -2.8284270763397217
                ],
                [
                    0.0,
                    1.0,
                    -4.371138828673793e-08,
                    0.0
                ],
                [
                    0.0,
                    0.0,
                    0.0,
                    1.0
                ]
            ]
        },
        {
            "file_path": "train\\0017.png",
            "transform_matrix": [
                [
                    0.6343932747840881,
                    3.3789358866442853e-08,
                    0.7730104327201843,
                    3.0920417308807373
                ],
                [
                    0.7730104327201843,
                    -2.7730211016319117e-08,
                    -0.6343932747840881,
                    -2.5375730991363525
                ],
                [
                    0.0,
                    1.0,
                    -4.371138828673793e-08,
                    0.0
                ],
                [
                    0.0,
                    0.0,
                    0.0,
                    1.0
                ]
            ]
        },
        {
            "file_path": "train\\0018.png",
            "transform_matrix": [
                [
                    0.5555701851844788,
                    3.634469436519794e-08,
                    0.8314696550369263,
                    3.325878620147705
                ],
                [
                    0.8314696550369263,
                    -2.4284744881697407e-08,
                    -0.5555701851844788,
                    -2.222280740737915
                ],
                [
                    0.0,
                    1.0,
                    -4.371138828673793e-08,
                    0.0
                ],
                [
                    0.0,
                    0.0,
                    0.0,
                    1.0
                ]
            ]
        },
        {
            "file_path": "train\\0019.png",
            "transform_matrix": [
                [
                    0.4713967740535736,
                    3.855000230146288e-08,
                    0.8819212317466736,
                    3.5276849269866943
                ],
                [
                    0.8819212317466736,
                    -2.0605407158313938e-08,
                    -0.4713967740535736,
                    -1.8855870962142944
                ],
                [
                    0.0,
                    1.0,
                    -4.371138828673793e-08,
                    0.0
                ],
                [
                    0.0,
                    0.0,
                    0.0,
                    1.0
                ]
            ]
        },
        {
            "file_path": "train\\0020.png",
            "transform_matrix": [
                [
                    0.3826834261417389,
                    4.038405521100685e-08,
                    0.9238795042037964,
                    3.6955180168151855
                ],
                [
                    0.9238795042037964,
                    -1.672762373061687e-08,
                    -0.3826834261417389,
                    -1.5307337045669556
                ],
                [
                    0.0,
                    1.0,
                    -4.371138828673793e-08,
                    0.0
                ],
                [
                    0.0,
                    0.0,
                    0.0,
                    1.0
                ]
            ]
        },
        {
            "file_path": "train\\0021.png",
            "transform_matrix": [
                [
                    0.2902846336364746,
                    4.182919255413253e-08,
                    0.9569403529167175,
                    3.82776141166687
                ],
                [
                    0.9569403529167175,
                    -1.2688744277511432e-08,
                    -0.2902846336364746,
                    -1.1611385345458984
                ],
                [
                    0.0,
                    1.0,
                    -4.371138828673793e-08,
                    0.0
                ],
                [
                    0.0,
                    0.0,
                    0.0,
                    1.0
                ]
            ]
        },
        {
            "file_path": "train\\0022.png",
            "transform_matrix": [
                [
                    0.19509023427963257,
                    4.2871487693219024e-08,
                    0.9807853102684021,
                    3.9231412410736084
                ],
                [
                    0.9807853102684021,
                    -8.527664796531553e-09,
                    -0.19509023427963257,
                    -0.7803609371185303
                ],
                [
                    0.0,
                    1.0,
                    -4.371138828673793e-08,
                    0.0
                ],
                [
                    0.0,
                    0.0,
                    0.0,
                    1.0
                ]
            ]
        },
        {
            "file_path": "train\\0023.png",
            "transform_matrix": [
                [
                    0.0980171337723732,
                    4.3500904212123714e-08,
                    0.9951847195625305,
                    3.980738878250122
                ],
                [
                    0.9951847195625305,
                    -4.2844647829554106e-09,
                    -0.0980171337723732,
                    -0.3920685350894928
                ],
                [
                    0.0,
                    1.0,
                    -4.371138828673793e-08,
                    0.0
                ],
                [
                    0.0,
                    0.0,
                    0.0,
                    1.0
                ]
            ]
        },
        {
            "file_path": "train\\0024.png",
            "transform_matrix": [
                [
                    7.549790126404332e-08,
                    4.371138828673793e-08,
                    1.0,
                    4.0
                ],
                [
                    1.0,
                    -3.3001180777756647e-15,
                    -7.549790126404332e-08,
                    -3.019916050561733e-07
                ],
                [
                    0.0,
                    1.0,
                    -4.371138828673793e-08,
                    0.0
                ],
                [
                    0.0,
                    0.0,
                    0.0,
                    1.0
                ]
            ]
        },
        {
            "file_path": "train\\0025.png",
            "transform_matrix": [
                [
                    -0.09801710397005081,
                    4.3500904212123714e-08,
                    0.9951847195625305,
                    3.980738878250122
                ],
                [
                    0.9951847195625305,
                    4.284463894776991e-09,
                    0.09801710397005081,
                    0.39206841588020325
                ],
                [
                    0.0,
                    1.0,
                    -4.371138828673793e-08,
                    0.0
                ],
                [
                    0.0,
                    0.0,
                    0.0,
                    1.0
                ]
            ]
        },
        {
            "file_path": "train\\0026.png",
            "transform_matrix": [
                [
                    -0.19509032368659973,
                    4.2871484140505345e-08,
                    0.9807852506637573,
                    3.9231410026550293
                ],
                [
                    0.9807852506637573,
                    8.527669237423652e-09,
                    0.19509032368659973,
                    0.7803612947463989
                ],
                [
                    0.0,
                    1.0,
                    -4.371138828673793e-08,
                    0.0
                ],
                [
                    0.0,
                    0.0,
                    0.0,
                    1.0
                ]
            ]
        },
        {
            "file_path": "train\\0027.png",
            "transform_matrix": [
                [
                    -0.2902847230434418,
                    4.1829189001418854e-08,
                    0.9569402933120728,
                    3.827761173248291
                ],
                [
                    0.9569402933120728,
                    1.2688747830225111e-08,
                    0.2902847230434418,
                    1.161138892173767
                ],
                [
                    0.0,
                    1.0,
                    -4.371138828673793e-08,
                    0.0
                ],
                [
                    0.0,
                    0.0,
                    0.0,
                    1.0
                ]
            ]
        },
        {
            "file_path": "train\\0028.png",
            "transform_matrix": [
                [
                    -0.38268351554870605,
                    4.038405521100685e-08,
                    0.9238795042037964,
                    3.6955180168151855
                ],
                [
                    0.9238795042037964,
                    1.672762728333055e-08,
                    0.38268351554870605,
                    1.5307340621948242
                ],
                [
                    0.0,
                    1.0,
                    -4.371138828673793e-08,
                    0.0
                ],
                [
                    0.0,
                    0.0,
                    0.0,
                    1.0
                ]
            ]
        },
        {
            "file_path": "train\\0029.png",
            "transform_matrix": [
                [
                    -0.47139662504196167,
                    3.855000230146288e-08,
                    0.8819212913513184,
                    3.5276851654052734
                ],
                [
                    0.8819212913513184,
                    2.060540005288658e-08,
                    0.47139662504196167,
                    1.8855865001678467
                ],
                [
                    0.0,
                    1.0,
                    -4.371138828673793e-08,
                    0.0
                ],
                [
                    0.0,
                    0.0,
                    0.0,
                    1.0
                ]
            ]
        },
        {
            "file_path": "train\\0030.png",
            "transform_matrix": [
                [
                    -0.5555701851844788,
                    3.634469436519794e-08,
                    0.8314696550369263,
                    3.325878620147705
                ],
                [
                    0.8314696550369263,
                    2.4284744881697407e-08,
                    0.5555701851844788,
                    2.222280740737915
                ],
                [
                    0.0,
                    1.0,
                    -4.371138828673793e-08,
                    0.0
                ],
                [
                    0.0,
                    0.0,
                    0.0,
                    1.0
                ]
            ]
        },
        {
            "file_path": "train\\0031.png",
            "transform_matrix": [
                [
                    -0.6343932747840881,
                    3.378936241915653e-08,
                    0.7730104923248291,
                    3.0920419692993164
                ],
                [
                    0.7730104923248291,
                    2.7730211016319117e-08,
                    0.6343932747840881,
                    2.5375730991363525
                ],
                [
                    0.0,
                    1.0,
                    -4.371138828673793e-08,
                    0.0
                ],
                [
                    0.0,
                    0.0,
                    0.0,
                    1.0
                ]
            ]
        },
        {
            "file_path": "train\\0032.png",
            "transform_matrix": [
                [
                    -0.7071067690849304,
                    3.0908619663705394e-08,
                    0.7071067690849304,
                    2.8284270763397217
                ],
                [
                    0.7071067690849304,
                    3.0908619663705394e-08,
                    0.7071067690849304,
                    2.8284270763397217
                ],
                [
                    0.0,
                    1.0,
                    -4.371138828673793e-08,
                    0.0
                ],
                [
                    0.0,
                    0.0,
                    0.0,
                    1.0
                ]
            ]
        },
        {
            "file_path": "train\\0033.png",
            "transform_matrix": [
                [
                    -0.7730104923248291,
                    2.7730211016319117e-08,
                    0.6343932747840881,
                    2.5375730991363525
                ],
                [
                    0.6343932747840881,
                    3.378936241915653e-08,
                    0.7730104923248291,
                    3.0920419692993164
                ],
                [
                    0.0,
                    1.0,
                    -4.371138828673793e-08,
                    0.0
                ],
                [
                    0.0,
                    0.0,
                    0.0,
                    1.0
                ]
            ]
        },
        {
            "file_path": "train\\0034.png",
            "transform_matrix": [
                [
                    -0.8314696550369263,
                    2.4284744881697407e-08,
                    0.5555701851844788,
                    2.222280740737915
                ],
                [
                    0.5555701851844788,
                    3.634469436519794e-08,
                    0.8314696550369263,
                    3.325878620147705
                ],
                [
                    0.0,
                    1.0,
                    -4.371138828673793e-08,
                    0.0
                ],
                [
                    0.0,
                    0.0,
                    0.0,
                    1.0
                ]
            ]
        },
        {
            "file_path": "train\\0035.png",
            "transform_matrix": [
                [
                    -0.8819212317466736,
                    2.0605410711027616e-08,
                    0.4713968336582184,
                    1.8855873346328735
                ],
                [
                    0.4713968336582184,
                    3.855000230146288e-08,
                    0.8819212317466736,
                    3.5276849269866943
                ],
                [
                    0.0,
                    1.0,
                    -4.371138828673793e-08,
                    0.0
                ],
                [
                    0.0,
                    0.0,
                    0.0,
                    1.0
                ]
            ]
        },
        {
            "file_path": "train\\0036.png",
            "transform_matrix": [
                [
                    -0.9238795042037964,
                    1.672762728333055e-08,
                    0.38268348574638367,
                    1.5307339429855347
                ],
                [
                    0.38268348574638367,
                    4.038405521100685e-08,
                    0.9238795042037964,
                    3.6955180168151855
                ],
                [
                    0.0,
                    1.0,
                    -4.371138828673793e-08,
                    0.0
                ],
                [
                    0.0,
                    0.0,
                    0.0,
                    1.0
                ]
            ]
        },
        {
            "file_path": "train\\0037.png",
            "transform_matrix": [
                [
                    -0.9569403529167175,
                    1.2688747830225111e-08,
                    0.2902847230434418,
                    1.161138892173767
                ],
                [
                    0.2902847230434418,
                    4.182919255413253e-08,
                    0.9569403529167175,
                    3.82776141166687
                ],
                [
                    0.0,
                    1.0,
                    -4.371138828673793e-08,
                    0.0
                ],
                [
                    0.0,
                    0.0,
                    0.0,
                    1.0
                ]
            ]
        },
        {
            "file_path": "train\\0038.png",
            "transform_matrix": [
                [
                    -0.9807853102684021,
                    8.527668349245232e-09,
                    0.19509030878543854,
                    0.7803612351417542
                ],
                [
                    0.19509030878543854,
                    4.2871487693219024e-08,
                    0.9807853102684021,
                    3.9231412410736084
                ],
                [
                    0.0,
                    1.0,
                    -4.371138828673793e-08,
                    0.0
                ],
                [
                    0.0,
                    0.0,
                    0.0,
                    1.0
                ]
            ]
        },
        {
            "file_path": "train\\0039.png",
            "transform_matrix": [
                [
                    -0.9951847195625305,
                    4.284463450687781e-09,
                    0.09801709651947021,
                    0.39206838607788086
                ],
                [
                    0.09801709651947021,
                    4.3500904212123714e-08,
                    0.9951847195625305,
                    3.980738878250122
                ],
                [
                    0.0,
                    1.0,
                    -4.371138828673793e-08,
                    0.0
                ],
                [
                    0.0,
                    0.0,
                    0.0,
                    1.0
                ]
            ]
        },
        {
            "file_path": "train\\0040.png",
            "transform_matrix": [
                [
                    -1.0,
                    6.6002361555513294e-15,
                    1.5099580252808664e-07,
                    6.039832101123466e-07
                ],
                [
                    1.5099580252808664e-07,
                    4.371138828673793e-08,
                    1.0,
                    4.0
                ],
                [
                    0.0,
                    1.0,
                    -4.371138828673793e-08,
                    0.0
                ],
                [
                    0.0,
                    0.0,
                    0.0,
                    1.0
                ]
            ]
        },
        {
            "file_path": "train\\0041.png",
            "transform_matrix": [
                [
                    -0.9951847195625305,
                    -4.284460342063312e-09,
                    -0.09801702946424484,
                    -0.39206811785697937
                ],
                [
                    -0.09801702946424484,
                    4.3500904212123714e-08,
                    0.9951847195625305,
                    3.980738878250122
                ],
                [
                    0.0,
                    1.0,
                    -4.371138828673793e-08,
                    0.0
                ],
                [
                    0.0,
                    0.0,
                    0.0,
                    1.0
                ]
            ]
        },
        {
            "file_path": "train\\0042.png",
            "transform_matrix": [
                [
                    -0.9807853102684021,
                    -8.527665684709973e-09,
                    -0.19509024918079376,
                    -0.780360996723175
                ],
                [
                    -0.19509024918079376,
                    4.2871487693219024e-08,
                    0.9807853102684021,
                    3.9231412410736084
                ],
                [
                    0.0,
                    1.0,
                    -4.371138828673793e-08,
                    0.0
                ],
                [
                    0.0,
                    0.0,
                    0.0,
                    1.0
                ]
            ]
        },
        {
            "file_path": "train\\0043.png",
            "transform_matrix": [
                [
                    -0.9569403529167175,
                    -1.2688744277511432e-08,
                    -0.2902846336364746,
                    -1.1611385345458984
                ],
                [
                    -0.2902846336364746,
                    4.182919255413253e-08,
                    0.9569403529167175,
                    3.82776141166687
                ],
                [
                    0.0,
                    1.0,
                    -4.371138828673793e-08,
                    0.0
                ],
                [
                    0.0,
                    0.0,
                    0.0,
                    1.0
                ]
            ]
        },
        {
            "file_path": "train\\0044.png",
            "transform_matrix": [
                [
                    -0.9238795042037964,
                    -1.672762373061687e-08,
                    -0.3826834261417389,
                    -1.5307337045669556
                ],
                [
                    -0.3826834261417389,
                    4.038405521100685e-08,
                    0.9238795042037964,
                    3.6955180168151855
                ],
                [
                    0.0,
                    1.0,
                    -4.371138828673793e-08,
                    0.0
                ],
                [
                    0.0,
                    0.0,
                    0.0,
                    1.0
                ]
            ]
        },
        {
            "file_path": "train\\0045.png",
            "transform_matrix": [
                [
                    -0.8819213509559631,
                    -2.060539827652974e-08,
                    -0.4713965654373169,
                    -1.8855862617492676
                ],
                [
                    -0.4713965654373169,
                    3.855000585417656e-08,
                    0.8819213509559631,
                    3.5276854038238525
                ],
                [
                    0.0,
                    1.0,
                    -4.371138828673793e-08,
                    0.0
                ],
                [
                    0.0,
                    0.0,
                    0.0,
                    1.0
                ]
            ]
        },
        {
            "file_path": "train\\0046.png",
            "transform_matrix": [
                [
                    -0.8314695358276367,
                    -2.4284748434411085e-08,
                    -0.5555703043937683,
                    -2.2222812175750732
                ],
                [
                    -0.5555703043937683,
                    3.634468725977058e-08,
                    0.8314695358276367,
                    3.325878143310547
                ],
                [
                    0.0,
                    1.0,
                    -4.371138828673793e-08,
                    0.0
                ],
                [
                    0.0,
                    0.0,
                    0.0,
                    1.0
                ]
            ]
        },
        {
            "file_path": "train\\0047.png",
            "transform_matrix": [
                [
                    -0.7730105519294739,
                    -2.773020746360544e-08,
                    -0.6343932151794434,
                    -2.5375728607177734
                ],
                [
                    -0.6343932151794434,
                    3.378936597187021e-08,
                    0.7730105519294739,
                    3.0920422077178955
                ],
                [
                    0.0,
                    1.0,
                    -4.371138828673793e-08,
                    0.0
                ],
                [
                    0.0,
                    0.0,
                    0.0,
                    1.0
                ]
            ]
        },
        {
            "file_path": "train\\0048.png",
            "transform_matrix": [
                [
                    -0.7071068286895752,
                    -3.0908616110991716e-08,
                    -0.7071067094802856,
                    -2.8284268379211426
                ],
                [
                    -0.7071067094802856,
                    3.0908619663705394e-08,
                    0.7071068286895752,
                    2.828427314758301
                ],
                [
                    0.0,
                    1.0,
                    -4.371138828673793e-08,
                    0.0
                ],
                [
                    0.0,
                    0.0,
                    0.0,
                    1.0
                ]
            ]
        },
        {
            "file_path": "train\\0049.png",
            "transform_matrix": [
                [
                    -0.6343933343887329,
                    -3.3789358866442853e-08,
                    -0.7730104327201843,
                    -3.0920417308807373
                ],
                [
                    -0.7730104327201843,
                    2.7730212792675957e-08,
                    0.6343933343887329,
                    2.5375733375549316
                ],
                [
                    0.0,
                    1.0,
                    -4.371138828673793e-08,
                    0.0
                ],
                [
                    0.0,
                    0.0,
                    0.0,
                    1.0
                ]
            ]
        },
        {
            "file_path": "train\\0050.png",
            "transform_matrix": [
                [
                    -0.5555704236030579,
                    -3.63446837070569e-08,
                    -0.8314694762229919,
                    -3.3258779048919678
                ],
                [
