{
    "camera_angle_x": 0.3395565450191498,
    "camera_angle_y": 0.5033799409866333,
    "fl_x": 6720.0,
    "fl_y": 6720.0,
    "k1": 0.0,
    "k2": 0.0,
    "p1": 0.0,
    "p2": 0.0,
    "cx": 1152.0,
    "cy": 1536.0,
    "w": 2304.0,
    "h": 3072.0,
    "aabb_scale": 1,
    "frames": [
        {
            "file_path": "train\\0001.png",
            "transform_matrix": [
                [
                    0.7071067690849304,
                    -3.0908619663705394e-08,
                    -0.7071067690849304,
                    -2.8284270763397217
                ],
                [
                    -0.7071067690849304,
                    -3.0908619663705394e-08,
                    -0.7071067690849304,
                    -2.8284270763397217
                ],
                [
                    0.0,
                    1.0,
                    -4.371138828673793e-08,
                    0.0
                ],
                [
                    0.0,
                    0.0,
                    0.0,
                    1.0
                ]
            ]
        },
        {
            "file_path": "train\\0002.png",
            "transform_matrix": [
                [
                    0.7443517446517944,
                    -2.9189928696382594e-08,
                    -0.6677877306938171,
                    -2.6711509227752686
                ],
                [
                    -0.6677877306938171,
                    -3.2536647154302045e-08,
                    -0.7443517446517944,
                    -2.9774069786071777
                ],
                [
                    0.0,
                    1.0,
                    -4.371138828673793e-08,
                    0.0
                ],
                [
                    0.0,
                    0.0,
                    0.0,
                    1.0
                ]
            ]
        },
        {
            "file_path": "train\\0003.png",
            "transform_matrix": [
                [
                    0.7794133424758911,
                    -2.738562265847122e-08,
                    -0.6265100240707397,
                    -2.506040096282959
                ],
                [
                    -0.6265100240707397,
                    -3.406923809734508e-08,
                    -0.7794133424758911,
                    -3.1176533699035645
                ],
                [
                    0.0,
                    1.0,
                    -4.371138828673793e-08,
                    0.0
                ],
                [
                    0.0,
                    0.0,
                    0.0,
                    1.0
                ]
            ]
        },
        {
            "file_path": "train\\0004.png",
            "transform_matrix": [
                [
                    0.8121888637542725,
                    -2.5500987987925328e-08,
                    -0.5833945870399475,
                    -2.33357834815979
                ],
                [
                    -0.5833945870399475,
                    -3.550190186274449e-08,
                    -0.8121888637542725,
                    -3.24875545501709
                ],
                [
                    0.0,
                    1.0,
                    -4.371138828673793e-08,
                    0.0
                ],
                [
                    0.0,
                    0.0,
                    0.0,
                    1.0
                ]
            ]
        },
        {
            "file_path": "train\\0005.png",
            "transform_matrix": [
                [
                    0.8425820469856262,
                    -2.354155270722913e-08,
                    -0.5385679602622986,
                    -2.1542718410491943
                ],
                [
                    -0.5385679602622986,
                    -3.683043203750458e-08,
                    -0.8425820469856262,
                    -3.370328187942505
                ],
                [
                    0.0,
                    1.0,
                    -4.371138828673793e-08,
                    0.0
                ],
                [
                    0.0,
                    0.0,
                    0.0,
                    1.0
                ]
            ]
        },
        {
            "file_path": "train\\0006.png",
            "transform_matrix": [
                [
                    0.870503842830658,
                    -2.1513066883471765e-08,
                    -0.4921616017818451,
                    -1.9686464071273804
                ],
                [
                    -0.4921616017818451,
                    -3.80509312947197e-08,
                    -0.870503842830658,
                    -3.482015371322632
                ],
                [
                    0.0,
                    1.0,
                    -4.371138828673793e-08,
                    0.0
                ],
                [
                    0.0,
                    0.0,
                    0.0,
                    1.0
                ]
            ]
        },
        {
            "file_path": "train\\0007.png",
            "transform_matrix": [
                [
                    0.8958722352981567,
                    -1.9421481312065225e-08,
                    -0.4443117082118988,
                    -1.7772468328475952
                ],
                [
                    -0.4443117082118988,
                    -3.915981849900163e-08,
                    -0.8958722352981567,
                    -3.583488941192627
                ],
                [
                    0.0,
                    1.0,
                    -4.371138828673793e-08,
                    0.0
                ],
                [
                    0.0,
                    0.0,
                    0.0,
                    1.0
                ]
            ]
        },
        {
            "file_path": "train\\0008.png",
            "transform_matrix": [
                [
                    0.9186129570007324,
                    -1.727292797681912e-08,
                    -0.3951585292816162,
                    -1.5806341171264648
                ],
                [
                    -0.3951585292816162,
                    -4.015384647004794e-08,
                    -0.9186129570007324,
                    -3.6744518280029297
                ],
                [
                    0.0,
                    1.0,
                    -4.371138828673793e-08,
                    0.0
                ],
                [
                    0.0,
                    0.0,
                    0.0,
                    1.0
                ]
            ]
        },
        {
            "file_path": "train\\0009.png",
            "transform_matrix": [
                [
                    0.9386591911315918,
                    -1.507371116815648e-08,
                    -0.34484630823135376,
                    -1.379385232925415
                ],
                [
                    -0.34484630823135376,
                    -4.103009487721465e-08,
                    -0.9386591911315918,
                    -3.754636764526367
                ],
                [
                    0.0,
                    1.0,
                    -4.371138828673793e-08,
                    0.0
                ],
                [
                    0.0,
                    0.0,
                    0.0,
                    1.0
                ]
            ]
        },
        {
            "file_path": "train\\0010.png",
            "transform_matrix": [
                [
                    0.9559521079063416,
                    -1.2830279949582746e-08,
                    -0.29352259635925293,
                    -1.1740903854370117
                ],
                [
                    -0.29352259635925293,
                    -4.1785995108512e-08,
                    -0.9559521079063416,
                    -3.823808431625366
                ],
                [
                    0.0,
                    1.0,
                    -4.371138828673793e-08,
                    0.0
                ],
                [
                    0.0,
                    0.0,
                    0.0,
                    1.0
                ]
            ]
        },
        {
            "file_path": "train\\0011.png",
            "transform_matrix": [
                [
                    0.9704411625862122,
                    -1.054921394683106e-08,
                    -0.2413378804922104,
                    -0.9653515219688416
                ],
                [
                    -0.2413378804922104,
                    -4.2419330270604405e-08,
                    -0.9704411625862122,
                    -3.8817646503448486
                ],
                [
                    0.0,
                    1.0,
                    -4.371138828673793e-08,
                    0.0
                ],
                [
                    0.0,
                    0.0,
                    0.0,
                    1.0
                ]
            ]
        },
        {
            "file_path": "train\\0012.png",
            "transform_matrix": [
                [
                    0.9820836782455444,
                    -8.237204696115441e-09,
                    -0.1884452849626541,
                    -0.7537811398506165
                ],
                [
                    -0.1884452849626541,
                    -4.292824229423786e-08,
                    -0.9820836782455444,
                    -3.9283347129821777
                ],
                [
                    0.0,
                    1.0,
                    -4.371138828673793e-08,
                    0.0
                ],
                [
                    0.0,
                    0.0,
                    0.0,
                    1.0
                ]
            ]
        },
        {
            "file_path": "train\\0013.png",
            "transform_matrix": [
                [
                    0.9908456206321716,
                    -5.901037436473189e-09,
                    -0.13500000536441803,
                    -0.5400000214576721
                ],
                [
                    -0.13500000536441803,
                    -4.331123903966727e-08,
                    -0.9908456206321716,
                    -3.9633824825286865
                ],
                [
                    0.0,
                    1.0,
                    -4.371138828673793e-08,
                    0.0
                ],
                [
                    0.0,
                    0.0,
                    0.0,
                    1.0
                ]
            ]
        },
        {
            "file_path": "train\\0014.png",
            "transform_matrix": [
                [
                    0.996701180934906,
                    -3.5475613557878205e-09,
                    -0.08115874230861664,
                    -0.32463496923446655
                ],
                [
                    -0.08115874230861664,
                    -4.3567190743942774e-08,
                    -0.996701180934906,
                    -3.986804723739624
                ],
                [
                    0.0,
                    1.0,
                    -4.371138828673793e-08,
                    0.0
                ],
                [
                    0.0,
                    0.0,
                    0.0,
                    1.0
                ]
            ]
        },
        {
            "file_path": "train\\0015.png",
            "transform_matrix": [
                [
                    0.9996333122253418,
                    -1.1836769342465914e-09,
                    -0.027079371735453606,
                    -0.10831748694181442
                ],
                [
                    -0.027079371735453606,
                    -4.369535844261918e-08,
                    -0.9996333122253418,
                    -3.998533248901367
                ],
                [
                    0.0,
                    1.0,
                    -4.371138828673793e-08,
                    0.0
                ],
                [
                    0.0,
                    0.0,
                    0.0,
                    1.0
                ]
            ]
        },
        {
            "file_path": "train\\0016.png",
            "transform_matrix": [
                [
                    0.9996333122253418,
                    1.1836769342465914e-09,
                    0.027079371735453606,
                    0.10831748694181442
                ],
                [
                    0.027079371735453606,
                    -4.369535844261918e-08,
                    -0.9996333122253418,
                    -3.998533248901367
                ],
                [
                    0.0,
                    1.0,
                    -4.371138828673793e-08,
                    0.0
                ],
                [
                    0.0,
                    0.0,
                    0.0,
                    1.0
                ]
            ]
        },
        {
            "file_path": "train\\0017.png",
            "transform_matrix": [
                [
                    0.996701180934906,
                    3.5475613557878205e-09,
                    0.08115874230861664,
                    0.32463496923446655
                ],
                [
                    0.08115874230861664,
                    -4.3567190743942774e-08,
                    -0.996701180934906,
                    -3.986804723739624
                ],
                [
                    0.0,
                    1.0,
                    -4.371138828673793e-08,
                    0.0
                ],
                [
                    0.0,
                    0.0,
                    0.0,
                    1.0
                ]
            ]
        },
        {
            "file_path": "train\\0018.png",
            "transform_matrix": [
                [
                    0.9908455610275269,
                    5.901040101008448e-09,
                    0.1350000649690628,
                    0.5400002598762512
                ],
                [
                    0.1350000649690628,
                    -4.331123548695359e-08,
                    -0.9908455610275269,
                    -3.9633822441101074
                ],
                [
                    0.0,
                    1.0,
                    -4.371138828673793e-08,
                    0.0
                ],
                [
                    0.0,
                    0.0,
                    0.0,
                    1.0
                ]
            ]
        },
        {
            "file_path": "train\\0019.png",
            "transform_matrix": [
                [
                    0.9820836782455444,
                    8.237204696115441e-09,
                    0.1884452849626541,
                    0.7537811398506165
                ],
                [
                    0.1884452849626541,
                    -4.292824229423786e-08,
                    -0.9820836782455444,
                    -3.9283347129821777
                ],
                [
                    0.0,
                    1.0,
                    -4.371138828673793e-08,
                    0.0
                ],
                [
                    0.0,
                    0.0,
                    0.0,
                    1.0
                ]
            ]
        },
        {
            "file_path": "train\\0020.png",
            "transform_matrix": [
                [
                    0.9704411625862122,
                    1.0549216611366319e-08,
                    0.24133794009685516,
                    0.9653517603874207
                ],
                [
                    0.24133794009685516,
                    -4.2419330270604405e-08,
                    -0.9704411625862122,
                    -3.8817646503448486
                ],
                [
                    0.0,
                    1.0,
                    -4.371138828673793e-08,
                    0.0
                ],
                [
                    0.0,
                    0.0,
                    0.0,
                    1.0
                ]
            ]
        },
        {
            "file_path": "train\\0021.png",
            "transform_matrix": [
                [
                    0.9559521079063416,
                    1.2830279949582746e-08,
                    0.29352259635925293,
                    1.1740903854370117
                ],
                [
                    0.29352259635925293,
                    -4.1785995108512e-08,
                    -0.9559521079063416,
                    -3.823808431625366
                ],
                [
                    0.0,
                    1.0,
                    -4.371138828673793e-08,
                    0.0
                ],
                [
                    0.0,
                    0.0,
                    0.0,
                    1.0
                ]
            ]
        },
        {
            "file_path": "train\\0022.png",
            "transform_matrix": [
                [
                    0.9386591911315918,
                    1.507371116815648e-08,
                    0.34484630823135376,
                    1.379385232925415
                ],
                [
                    0.34484630823135376,
                    -4.103009487721465e-08,
                    -0.9386591911315918,
                    -3.754636764526367
                ],
                [
                    0.0,
                    1.0,
                    -4.371138828673793e-08,
                    0.0
                ],
                [
                    0.0,
                    0.0,
                    0.0,
                    1.0
                ]
            ]
        },
        {
            "file_path": "train\\0023.png",
            "transform_matrix": [
                [
                    0.9186128973960876,
                    1.7272931529532798e-08,
                    0.3951586186885834,
                    1.5806344747543335
                ],
                [
                    0.3951586186885834,
                    -4.015384647004794e-08,
                    -0.9186128973960876,
                    -3.6744515895843506
                ],
                [
                    0.0,
                    1.0,
                    -4.371138828673793e-08,
                    0.0
                ],
                [
                    0.0,
                    0.0,
                    0.0,
                    1.0
                ]
            ]
        },
        {
            "file_path": "train\\0024.png",
            "transform_matrix": [
                [
                    0.8958722949028015,
                    1.9421479535708386e-08,
                    0.44431164860725403,
                    1.7772465944290161
                ],
                [
                    0.44431164860725403,
                    -3.915982205171531e-08,
                    -0.8958722949028015,
                    -3.583489179611206
                ],
                [
                    0.0,
                    1.0,
                    -4.371138828673793e-08,
                    0.0
                ],
                [
                    0.0,
                    0.0,
                    0.0,
                    1.0
                ]
            ]
        },
        {
            "file_path": "train\\0025.png",
            "transform_matrix": [
                [
                    0.870503842830658,
                    2.1513068659828605e-08,
                    0.49216166138648987,
                    1.9686466455459595
                ],
                [
                    0.49216166138648987,
                    -3.80509312947197e-08,
                    -0.870503842830658,
                    -3.482015371322632
                ],
                [
                    0.0,
                    1.0,
                    -4.371138828673793e-08,
                    0.0
                ],
                [
                    0.0,
                    0.0,
                    0.0,
                    1.0
                ]
            ]
        },
        {
            "file_path": "train\\0026.png",
            "transform_matrix": [
                [
                    0.8425820469856262,
                    2.354155270722913e-08,
                    0.5385679602622986,
                    2.1542718410491943
                ],
                [
                    0.5385679602622986,
                    -3.683043203750458e-08,
                    -0.8425820469856262,
                    -3.370328187942505
                ],
                [
                    0.0,
                    1.0,
                    -4.371138828673793e-08,
                    0.0
                ],
                [
                    0.0,
                    0.0,
                    0.0,
                    1.0
                ]
            ]
        },
        {
            "file_path": "train\\0027.png",
            "transform_matrix": [
                [
                    0.8121888637542725,
                    2.5500987987925328e-08,
                    0.5833945870399475,
                    2.33357834815979
                ],
                [
                    0.5833945870399475,
                    -3.550190186274449e-08,
                    -0.8121888637542725,
                    -3.24875545501709
                ],
                [
                    0.0,
                    1.0,
                    -4.371138828673793e-08,
                    0.0
                ],
                [
                    0.0,
                    0.0,
                    0.0,
                    1.0
                ]
            ]
        },
        {
            "file_path": "train\\0028.png",
            "transform_matrix": [
                [
                    0.7794133424758911,
                    2.73856262111849e-08,
                    0.6265100836753845,
                    2.506040334701538
                ],
                [
                    0.6265100836753845,
                    -3.406923809734508e-08,
                    -0.7794133424758911,
                    -3.1176533699035645
                ],
                [
                    0.0,
                    1.0,
                    -4.371138828673793e-08,
                    0.0
                ],
                [
                    0.0,
                    0.0,
                    0.0,
                    1.0
                ]
            ]
        },
        {
            "file_path": "train\\0029.png",
            "transform_matrix": [
                [
                    0.7443516850471497,
                    2.9189932249096273e-08,
                    0.6677877902984619,
                    2.6711511611938477
                ],
                [
                    0.6677877902984619,
                    -3.2536647154302045e-08,
                    -0.7443516850471497,
                    -2.9774067401885986
                ],
                [
                    0.0,
                    1.0,
                    -4.371138828673793e-08,
                    0.0
                ],
                [
                    0.0,
                    0.0,
                    0.0,
                    1.0
                ]
            ]
        },
        {
            "file_path": "train\\0030.png",
            "transform_matrix": [
                [
                    0.7071067690849304,
                    3.0908619663705394e-08,
                    0.7071067690849304,
                    2.8284270763397217
                ],
                [
                    0.7071067690849304,
                    -3.0908619663705394e-08,
                    -0.7071067690849304,
                    -2.8284270763397217
                ],
                [
                    0.0,
                    1.0,
                    -4.371138828673793e-08,
                    0.0
                ],
                [
                    0.0,
                    0.0,
                    0.0,
                    1.0
                ]
            ]
        },
        {
            "file_path": "train\\0031.png",
            "transform_matrix": [
                [
                    0.6691305637359619,
                    3.2483892908885537e-08,
                    0.7431448698043823,
                    2.9725794792175293
                ],
                [
                    0.7431448698043823,
                    -2.9248626631783736e-08,
                    -0.6691305637359619,
                    -2.6765222549438477
                ],
                [
                    0.0,
                    1.0,
                    -4.371138828673793e-08,
                    0.0
                ],
                [
                    0.0,
                    0.0,
                    0.0,
                    1.0
                ]
            ]
        },
        {
            "file_path": "train\\0032.png",
            "transform_matrix": [
                [
                    0.6293203830718994,
                    3.397012804384758e-08,
                    0.7771459817886353,
                    3.108583927154541
                ],
                [
                    0.7771459817886353,
                    -2.7508468392056784e-08,
                    -0.6293203830718994,
                    -2.5172815322875977
                ],
                [
                    0.0,
                    1.0,
                    -4.371138828673793e-08,
                    0.0
                ],
                [
                    0.0,
                    0.0,
                    0.0,
                    1.0
                ]
            ]
        },
        {
            "file_path": "train\\0033.png",
            "transform_matrix": [
                [
                    0.5877852439880371,
                    3.53632572114293e-08,
                    0.80901700258255,
                    3.2360680103302
                ],
                [
                    0.80901700258255,
                    -2.569290913356781e-08,
                    -0.5877852439880371,
                    -2.3511409759521484
                ],
                [
                    0.0,
                    1.0,
                    -4.371138828673793e-08,
                    0.0
                ],
                [
                    0.0,
                    0.0,
                    0.0,
                    1.0
                ]
            ]
        },
        {
            "file_path": "train\\0034.png",
            "transform_matrix": [
                [
                    0.544638991355896,
                    3.6659457691712305e-08,
                    0.8386706113815308,
                    3.354682445526123
                ],
                [
                    0.8386706113815308,
                    -2.3806926208180812e-08,
                    -0.544638991355896,
                    -2.178555965423584
                ],
                [
                    0.0,
                    1.0,
                    -4.371138828673793e-08,
                    0.0
                ],
                [
                    0.0,
                    0.0,
                    0.0,
                    1.0
                ]
            ]
        },
        {
            "file_path": "train\\0035.png",
            "transform_matrix": [
                [
                    0.4999999701976776,
                    3.785517321830412e-08,
                    0.866025447845459,
                    3.464101791381836
                ],
                [
                    0.866025447845459,
                    -2.1855692367012125e-08,
                    -0.4999999701976776,
                    -1.9999998807907104
                ],
                [
                    0.0,
                    1.0,
                    -4.371138828673793e-08,
                    0.0
                ],
                [
                    0.0,
                    0.0,
                    0.0,
                    1.0
                ]
            ]
        },
        {
            "file_path": "train\\0036.png",
            "transform_matrix": [
                [
                    0.45399051904678345,
                    3.894713174190656e-08,
                    0.8910065293312073,
                    3.564026117324829
                ],
                [
                    0.8910065293312073,
                    -1.9844556220505183e-08,
                    -0.45399051904678345,
                    -1.8159620761871338
                ],
                [
                    0.0,
                    1.0,
                    -4.371138828673793e-08,
                    0.0
                ],
                [
                    0.0,
                    0.0,
                    0.0,
                    1.0
                ]
            ]
        },
        {
            "file_path": "train\\0037.png",
            "transform_matrix": [
                [
                    0.4067366123199463,
                    3.9932341877602084e-08,
                    0.9135454893112183,
                    3.654181957244873
                ],
                [
                    0.9135454893112183,
                    -1.7779022698505287e-08,
                    -0.4067366123199463,
                    -1.6269464492797852
                ],
                [
                    0.0,
                    1.0,
                    -4.371138828673793e-08,
                    0.0
                ],
                [
                    0.0,
                    0.0,
                    0.0,
                    1.0
                ]
            ]
        },
        {
            "file_path": "train\\0038.png",
            "transform_matrix": [
                [
                    0.3583679795265198,
                    4.0808096457567444e-08,
                    0.9335803985595703,
                    3.7343215942382812
                ],
                [
                    0.9335803985595703,
                    -1.5664761932043803e-08,
                    -0.3583679795265198,
                    -1.433471918106079
                ],
                [
                    0.0,
                    1.0,
                    -4.371138828673793e-08,
                    0.0
                ],
                [
                    0.0,
                    0.0,
                    0.0,
                    1.0
                ]
            ]
        },
        {
            "file_path": "train\\0039.png",
            "transform_matrix": [
                [
                    0.30901697278022766,
                    4.157200095278313e-08,
                    0.9510565400123596,
                    3.8042261600494385
                ],
                [
                    0.9510565400123596,
                    -1.3507561291703496e-08,
                    -0.30901697278022766,
                    -1.2360678911209106
                ],
                [
                    0.0,
                    1.0,
                    -4.371138828673793e-08,
                    0.0
                ],
                [
                    0.0,
                    0.0,
                    0.0,
                    1.0
                ]
            ]
        },
        {
            "file_path": "train\\0040.png",
            "transform_matrix": [
                [
                    0.2588190734386444,
                    4.222195926217864e-08,
                    0.9659258127212524,
                    3.8637032508850098
                ],
                [
                    0.9659258127212524,
                    -1.1313341374830088e-08,
                    -0.2588190734386444,
                    -1.0352762937545776
                ],
                [
                    0.0,
                    1.0,
                    -4.371138828673793e-08,
                    0.0
                ],
                [
                    0.0,
                    0.0,
                    0.0,
                    1.0
                ]
            ]
        },
        {
            "file_path": "train\\0041.png",
            "transform_matrix": [
                [
                    0.20791177451610565,
                    4.275618792348723e-08,
                    0.978147566318512,
                    3.912590265274048
                ],
                [
                    0.978147566318512,
                    -9.08811248478969e-09,
                    -0.20791177451610565,
                    -0.8316470980644226
                ],
                [
                    0.0,
                    1.0,
                    -4.371138828673793e-08,
                    0.0
                ],
                [
                    0.0,
                    0.0,
                    0.0,
                    1.0
                ]
            ]
        },
        {
            "file_path": "train\\0042.png",
            "transform_matrix": [
                [
                    0.15643437206745148,
                    4.3173230324100587e-08,
                    0.9876883625984192,
                    3.9507534503936768
                ],
                [
                    0.9876883625984192,
                    -6.837963528738555e-09,
                    -0.15643437206745148,
                    -0.6257374882698059
                ],
                [
                    0.0,
                    1.0,
                    -4.371138828673793e-08,
                    0.0
                ],
                [
                    0.0,
                    0.0,
                    0.0,
                    1.0
                ]
            ]
        },
        {
            "file_path": "train\\0043.png",
            "transform_matrix": [
                [
                    0.10452841967344284,
                    4.3471935384786775e-08,
                    0.9945219159126282,
                    3.9780876636505127
                ],
                [
                    0.9945219159126282,
                    -4.569082445726735e-09,
                    -0.10452841967344284,
                    -0.41811367869377136
                ],
                [
                    0.0,
                    1.0,
                    -4.371138828673793e-08,
                    0.0
                ],
                [
                    0.0,
                    0.0,
                    0.0,
                    1.0
                ]
            ]
        },
        {
            "file_path": "train\\0044.png",
            "transform_matrix": [
                [
                    0.05233597382903099,
                    4.3651482428685995e-08,
                    0.9986295104026794,
                    3.9945180416107178
                ],
                [
                    0.9986295104026794,
                    -2.2876780469971436e-09,
                    -0.05233597382903099,
                    -0.20934389531612396
                ],
                [
                    0.0,
                    1.0,
                    -4.371138828673793e-08,
                    0.0
                ],
                [
                    0.0,
                    0.0,
                    0.0,
                    1.0
                ]
            ]
        },
        {
            "file_path": "train\\0045.png",
            "transform_matrix": [
                [
                    7.549790126404332e-08,
                    4.371138828673793e-08,
                    1.0,
                    4.0
                ],
                [
                    1.0,
                    -3.3001180777756647e-15,
                    -7.549790126404332e-08,
                    -3.019916050561733e-07
                ],
                [
                    0.0,
                    1.0,
                    -4.371138828673793e-08,
                    0.0
                ],
                [
                    0.0,
                    0.0,
                    0.0,
                    1.0
                ]
            ]
        },
        {
            "file_path": "train\\0046.png",
            "transform_matrix": [
                [
                    -0.052335940301418304,
                    4.3651482428685995e-08,
                    0.9986295104026794,
                    3.9945180416107178
                ],
                [
                    0.9986295104026794,
                    2.287676714729514e-09,
                    0.052335940301418304,
                    0.20934376120567322
                ],
                [
                    0.0,
                    1.0,
                    -4.371138828673793e-08,
                    0.0
                ],
                [
                    0.0,
                    0.0,
                    0.0,
                    1.0
                ]
            ]
        },
        {
            "file_path": "train\\0047.png",
            "transform_matrix": [
                [
                    -0.10452850908041,
                    4.3471935384786775e-08,
                    0.9945219159126282,
                    3.9780876636505127
                ],
                [
                    0.9945219159126282,
                    4.569086442529624e-09,
                    0.10452850908041,
                    0.41811403632164
                ],
                [
                    0.0,
                    1.0,
                    -4.371138828673793e-08,
                    0.0
                ],
                [
                    0.0,
                    0.0,
                    0.0,
                    1.0
                ]
            ]
        },
        {
            "file_path": "train\\0048.png",
            "transform_matrix": [
                [
                    -0.15643444657325745,
                    4.3173230324100587e-08,
                    0.9876883625984192,
                    3.9507534503936768
                ],
                [
                    0.9876883625984192,
                    6.837966637363024e-09,
                    0.15643444657325745,
                    0.6257377862930298
                ],
                [
                    0.0,
                    1.0,
                    -4.371138828673793e-08,
                    0.0
                ],
                [
                    0.0,
                    0.0,
                    0.0,
                    1.0
                ]
            ]
        },
        {
            "file_path": "train\\0049.png",
            "transform_matrix": [
                [
                    -0.2079116255044937,
                    4.275619147620091e-08,
                    0.9781476259231567,
                    3.912590503692627
                ],
                [
                    0.9781476259231567,
                    9.088105379362332e-09,
                    0.2079116255044937,
                    0.8316465020179749
                ],
                [
                    0.0,
                    1.0,
                    -4.371138828673793e-08,
                    0.0
                ],
                [
                    0.0,
                    0.0,
                    0.0,
                    1.0
                ]
            ]
        },
        {
            "file_path": "train\\0050.png",
            "transform_matrix": [
                [
                    -0.25881892442703247,
                    4.222195926217864e-08,
                    0.9659258723258972,
