{
    "camera_angle_x": 0.3947911262512207,
    "camera_angle_y": 0.2651030719280243,
    "fl_x": 9600.0,
    "fl_y": 9600.0,
    "k1": 0.0,
    "k2": 0.0,
    "p1": 0.0,
    "p2": 0.0,
    "cx": 1536.0,
    "cy": 1920.0,
    "w": 3072.0,
    "h": 3840.0,
    "aabb_scale": 1,
    "frames": [
        {
            "file_path": "train\\0001.png",
            "transform_matrix": [
                [
                    1.0,
                    0.0,
                    0.0,
                    0.0
                ],
                [
                    0.0,
                    -4.371138828673793e-08,
                    -1.0,
                    -5.0
                ],
                [
                    0.0,
                    1.0,
                    -4.371138828673793e-08,
                    0.919999897480011
                ],
                [
                    0.0,
                    0.0,
                    0.0,
                    1.0
                ]
            ]
        },
        {
            "file_path": "train\\0002.png",
            "transform_matrix": [
                [
                    1.0,
                    3.5183962410201275e-09,
                    -4.4456432979345095e-10,
                    -2.282108280127204e-09
                ],
                [
                    -2.1045538645125816e-09,
                    0.4878597557544708,
                    -0.8729220032691956,
                    -4.347663879394531
                ],
                [
                    -2.8544004937458567e-09,
                    0.8729220032691956,
                    0.4878597557544708,
                    3.424359083175659
                ],
                [
                    0.0,
                    0.0,
                    0.0,
                    1.0
                ]
            ]
        },
        {
            "file_path": "train\\0003.png",
            "transform_matrix": [
                [
                    0.844327986240387,
                    0.2646673023700714,
                    -0.4658986032009125,
                    -2.39162540435791
                ],
                [
                    -0.5358267426490784,
                    0.41704893112182617,
                    -0.7341389060020447,
                    -3.635239839553833
                ],
                [
                    -3.371645007632651e-08,
                    0.8694949150085449,
                    0.49394190311431885,
                    3.455580949783325
                ],
                [
                    0.0,
                    0.0,
                    0.0,
                    1.0
                ]
            ]
        },
        {
            "file_path": "train\\0004.png",
            "transform_matrix": [
                [
                    0.6586896777153015,
                    0.052485741674900055,
                    -0.7505818605422974,
                    -3.8530075550079346
                ],
                [
                    -0.7524147033691406,
                    0.045947808772325516,
                    -0.657085120677948,
                    -3.2396950721740723
                ],
                [
                    -6.583544376326245e-09,
                    0.9975640773773193,
                    0.0697563961148262,
                    1.2780840396881104
                ],
                [
                    0.0,
                    0.0,
                    0.0,
                    1.0
                ]
            ]
        },
        {
            "file_path": "train\\0005.png",
            "transform_matrix": [
                [
                    0.7836937308311462,
                    -0.3143217861652374,
                    -0.5357480645179749,
                    -2.750187397003174
                ],
                [
                    -0.6211474537849426,
                    -0.3965759575366974,
                    -0.6759462952613831,
                    -3.3365161418914795
                ],
                [
                    -1.4534680303768255e-07,
                    0.8625133633613586,
                    -0.506034255027771,
                    -1.6776572465896606
                ],
                [
                    0.0,
                    0.0,
                    0.0,
                    1.0
                ]
            ]
        },
        {
            "file_path": "train\\0006.png",
            "transform_matrix": [
                [
                    1.0,
                    3.938243651191442e-07,
                    2.1196255772792938e-07,
                    2.0417548967088806e-06
                ],
                [
                    4.199756347134098e-07,
                    -0.6639267802238464,
                    -0.7477976083755493,
                    -3.705355167388916
                ],
                [
                    -1.5377331408217287e-07,
                    0.7477976083755493,
                    -0.6639267802238464,
                    -2.4881768226623535
                ],
                [
                    0.0,
                    0.0,
                    0.0,
                    1.0
                ]
            ]
        },
        {
            "file_path": "train\\0007.png",
            "transform_matrix": [
                [
                    0.8329210877418518,
                    0.3030175268650055,
                    0.46305814385414124,
                    2.3770463466644287
                ],
                [
                    0.5533917546272278,
                    -0.45607757568359375,
                    -0.6969582438468933,
                    -3.4443790912628174
                ],
                [
                    -1.1910773167755906e-07,
                    0.8367637991905212,
                    -0.5475640296936035,
                    -1.8908445835113525
                ],
                [
                    0.0,
                    0.0,
                    0.0,
                    1.0
                ]
            ]
        },
        {
            "file_path": "train\\0008.png",
            "transform_matrix": [
                [
                    0.6156611442565918,
                    0.022003337740898132,
                    0.7877037525177002,
                    3.9756598472595215
                ],
                [
                    0.7880110144615173,
                    -0.01719067245721817,
                    -0.6154211163520813,
                    -3.112307548522949
                ],
                [
                    -1.6084757703538344e-07,
                    0.9996100664138794,
                    -0.027922501787543297,
                    0.767105758190155
                ],
                [
                    0.0,
                    0.0,
                    0.0,
                    1.0
                ]
            ]
        },
        {
            "file_path": "train\\0009.png",
            "transform_matrix": [
                [
                    0.6534202098846436,
                    -0.38761356472969055,
                    0.6502290368080139,
                    3.264975070953369
                ],
                [
                    0.756995439529419,
                    0.33457863330841064,
                    -0.5612620711326599,
                    -2.8363091945648193
                ],
                [
                    3.4346687272091e-08,
                    0.8589603304862976,
                    0.5120421051979065,
                    3.5430469512939453
                ],
                [
                    0.0,
                    0.0,
                    0.0,
                    1.0
                ]
            ]
        },
        {
            "file_path": "train\\0010.png",
            "transform_matrix": [
                [
                    -0.02094334550201893,
                    -0.48164719343185425,
                    0.8761149048805237,
                    4.414968967437744
                ],
                [
                    0.9997806549072266,
                    -0.010089707560837269,
                    0.018352698534727097,
                    0.0458170622587204
                ],
                [
                    2.1684530793208978e-07,
                    0.8763071298599243,
                    0.481752872467041,
                    3.402280330657959
                ],
                [
                    0.0,
                    0.0,
                    0.0,
                    1.0
                ]
            ]
        },
        {
            "file_path": "train\\0011.png",
            "transform_matrix": [
                [
                    -0.013963170349597931,
                    -0.027918022125959396,
                    0.9995126724243164,
                    5.048415184020996
                ],
                [
                    0.9999024868011475,
                    -0.00038999432581476867,
                    0.013957723043859005,
                    0.023255623877048492
                ],
                [
                    1.3226352280071296e-07,
                    0.9996101260185242,
                    0.027920745313167572,
                    1.0725948810577393
                ],
                [
                    0.0,
                    0.0,
                    0.0,
                    1.0
                ]
            ]
        },
        {
            "file_path": "train\\0012.png",
            "transform_matrix": [
                [
                    -0.006982313469052315,
                    0.4756132960319519,
                    0.8796267509460449,
                    4.432997703552246
                ],
                [
                    0.9999756217002869,
                    0.0033208264503628016,
                    0.006142052821815014,
                    -0.01686558499932289
                ],
                [
                    1.5420340560012846e-07,
                    0.8796482086181641,
                    -0.4756248891353607,
                    -1.5122885704040527
                ],
                [
                    0.0,
                    0.0,
                    0.0,
                    1.0
                ]
            ]
        },
        {
            "file_path": "train\\0013.png",
            "transform_matrix": [
                [
                    -0.5821240544319153,
                    0.33071842789649963,
                    0.7428034543991089,
                    3.7306339740753174
                ],
                [
                    0.8130999803543091,
                    0.23677176237106323,
                    0.5317965149879456,
                    2.6815102100372314
                ],
                [
                    3.078937993450381e-08,
                    0.9135450124740601,
                    -0.40673768520355225,
                    -1.1586658954620361
                ],
                [
                    0.0,
                    0.0,
                    0.0,
                    1.0
                ]
            ]
        },
        {
            "file_path": "train\\0014.png",
            "transform_matrix": [
                [
                    -0.39394307136535645,
                    -0.13426896929740906,
                    0.9092748165130615,
                    4.585192680358887
                ],
                [
                    0.9191348552703857,
                    -0.057548534125089645,
                    0.3897169530391693,
                    1.9521641731262207
                ],
                [
                    5.386016255215509e-07,
                    0.9892724752426147,
                    0.14608213305473328,
                    1.679159164428711
                ],
                [
                    0.0,
                    0.0,
                    0.0,
                    1.0
                ]
            ]
        },
        {
            "file_path": "train\\0015.png",
            "transform_matrix": [
                [
                    -0.38107210397720337,
                    -0.5116347670555115,
                    0.7700739502906799,
                    3.870624542236328
                ],
                [
                    0.9245453476905823,
                    -0.21088244020938873,
                    0.31740280985832214,
                    1.5809487104415894
                ],
                [
                    7.734847713436466e-07,
                    0.8329216241836548,
                    0.5533909797668457,
                    3.7700233459472656
                ],
                [
                    0.0,
                    0.0,
                    0.0,
                    1.0
                ]
            ]
        },
        {
            "file_path": "train\\0016.png",
            "transform_matrix": [
                [
                    -0.999610185623169,
                    -0.014462405815720558,
                    0.023881888017058372,
                    0.08285008370876312
                ],
                [
                    0.027919629588723183,
                    -0.5178244113922119,
                    0.8550312519073486,
                    4.328449249267578
                ],
                [
                    8.152315444931446e-07,
                    0.8553646802902222,
                    0.5180262923240662,
                    3.606886386871338
                ],
                [
                    0.0,
                    0.0,
                    0.0,
                    1.0
                ]
            ]
        },
        {
            "file_path": "train\\0017.png",
            "transform_matrix": [
                [
                    -1.0,
                    1.0849776117538568e-06,
                    -1.671427071414655e-06,
                    -0.03975226730108261
                ],
                [
                    -1.756352844495268e-06,
                    -0.08367691934108734,
                    0.9964929223060608,
                    5.054623603820801
                ],
                [
                    9.413126917934278e-07,
                    0.9964929223060608,
                    0.08367691934108734,
                    1.3772127628326416
                ],
                [
                    0.0,
                    0.0,
                    0.0,
                    1.0
                ]
            ]
        },
        {
            "file_path": "train\\0018.png",
            "transform_matrix": [
                [
                    -0.9999756217002869,
                    0.003147904993966222,
                    0.0062298960983753204,
                    -0.0076439268887043
                ],
                [
                    0.006980036851018667,
                    0.4508674740791321,
                    0.8925635814666748,
                    4.5191216468811035
                ],
                [
                    8.477713890897576e-07,
                    0.8925853371620178,
                    -0.45087847113609314,
                    -1.3771131038665771
                ],
                [
                    0.0,
                    0.0,
                    0.0,
                    1.0
                ]
            ]
        },
        {
            "file_path": "train\\0019.png",
            "transform_matrix": [
                [
                    -0.7524138689041138,
                    -0.28875085711479187,
                    -0.5920272469520569,
                    -3.051464557647705
                ],
                [
                    -0.6586906313896179,
                    0.32983747124671936,
                    0.6762647032737732,
                    3.4259562492370605
                ],
                [
                    7.645155619684374e-07,
                    0.8987937569618225,
                    -0.43837177753448486,
                    -1.3320825099945068
                ],
                [
                    0.0,
                    0.0,
                    0.0,
                    1.0
                ]
            ]
        },
        {
            "file_path": "train\\0020.png",
            "transform_matrix": [
                [
                    -0.6211463809013367,
                    0.016412217170000076,
                    -0.7835227251052856,
                    -4.038156509399414
                ],
                [
                    -0.7836945652961731,
                    -0.013007087633013725,
                    0.6210101842880249,
                    3.141253709793091
                ],
                [
                    8.057535296757123e-07,
                    0.9997807145118713,
                    0.020941471680998802,
                    1.034556269645691
                ],
                [
                    0.0,
                    0.0,
                    0.0,
                    1.0
                ]
            ]
        },
        {
            "file_path": "train\\0021.png",
            "transform_matrix": [
                [
                    -0.61014324426651,
                    0.4198499917984009,
                    -0.6719011664390564,
                    -3.433804750442505
                ],
                [
                    -0.7922911047935486,
                    -0.3233257830142975,
                    0.517431378364563,
                    2.5850608348846436
                ],
                [
                    6.066288165129663e-07,
                    0.8480485677719116,
                    0.5299184918403625,
                    3.7161006927490234
                ],
                [
                    0.0,
                    0.0,
                    0.0,
                    1.0
                ]
            ]
        },
        {
            "file_path": "train\\0022.png",
            "transform_matrix": [
                [
                    -0.027918990701436996,
                    0.43819963932037354,
                    -0.8984439969062805,
                    -4.601080894470215
                ],
                [
                    -0.999610185623169,
                    -0.01223852951079607,
                    0.025093592703342438,
                    0.04826261103153229
                ],
                [
                    3.705026472289319e-07,
                    0.8987943530082703,
                    0.4383705258369446,
                    3.2443935871124268
                ],
                [
                    0.0,
                    0.0,
                    0.0,
                    1.0
                ]
            ]
        },
        {
            "file_path": "train\\0023.png",
            "transform_matrix": [
                [
                    -0.013958465307950974,
                    -0.006981504149734974,
                    -0.9998782277107239,
                    -5.123374938964844
                ],
                [
                    -0.9999025464057922,
                    9.817129466682673e-05,
                    0.013958120718598366,
                    0.00048144906759262085
                ],
                [
                    7.106585258043197e-07,
                    0.9999756217002869,
                    -0.006982194259762764,
                    0.9184951186180115
                ],
                [
                    0.0,
                    0.0,
                    0.0,
                    1.0
                ]
            ]
        },
        {
            "file_path": "train\\0024.png",
            "transform_matrix": [
                [
                    -0.013958942145109177,
                    -0.39390456676483154,
                    -0.9190453290939331,
                    -4.706879138946533
                ],
                [
                    -0.9999025464057922,
                    0.005499624647200108,
                    0.012829895131289959,
                    -0.005331642925739288
                ],
                [
                    6.501672373815381e-07,
                    0.9191349148750305,
                    -0.3939429521560669,
                    -1.0753443241119385
                ],
                [
                    0.0,
                    0.0,
                    0.0,
                    1.0
                ]
            ]
        },
        {
            "file_path": "train\\0025.png",
            "transform_matrix": [
                [
                    0.5533962845802307,
                    0.29577428102493286,
                    -0.7786335349082947,
                    -3.999892234802246
                ],
                [
                    -0.832918107509613,
                    0.19651517271995544,
                    -0.5173289179801941,
                    -2.7022829055786133
                ],
                [
                    7.173453582254297e-07,
                    0.9348258376121521,
                    0.35510650277137756,
                    2.8080904483795166
                ],
                [
                    0.0,
                    0.0,
                    0.0,
                    1.0
                ]
            ]
        },
        {
            "file_path": "train\\0026.png",
            "transform_matrix": [
                [
                    0.5649717450141907,
                    -0.10912704467773438,
                    -0.8178619742393494,
                    -4.202020168304443
                ],
                [
                    -0.8251102566719055,
                    -0.0747208446264267,
                    -0.5600088238716125,
                    -2.9221932888031006
                ],
                [
                    7.705216376052704e-07,
                    0.9912154674530029,
                    -0.13225701451301575,
                    0.2969202399253845
                ],
                [
                    0.0,
                    0.0,
                    0.0,
                    1.0
                ]
            ]
        },
        {
            "file_path": "train\\0027.png",
            "transform_matrix": [
                [
                    0.5821273922920227,
                    -0.44996222853660583,
                    -0.6772456765174866,
                    -3.477487087249756
                ],
                [
                    -0.8130975961685181,
                    -0.3221442699432373,
                    -0.48486635088920593,
                    -2.535017967224121
                ],
                [
                    7.370824164354417e-07,
                    0.8329207897186279,
                    -0.553392231464386,
                    -1.8730063438415527
                ],
                [
                    0.0,
                    0.0,
                    0.0,
                    1.0
                ]
            ]
        },
        {
            "file_path": "train\\0028.png",
            "transform_matrix": [
                [
                    0.8925883173942566,
                    -0.08448629081249237,
                    -0.44288620352745056,
                    -1.95067298412323
                ],
                [
                    -0.45087262988090515,
                    -0.16725456714630127,
                    -0.8767780661582947,
                    -3.7848496437072754
                ],
                [
                    9.856706810751348e-07,
                    0.9822871088981628,
                    -0.18738201260566711,
                    0.24058043956756592
                ],
                [
                    0.0,
                    0.0,
                    0.0,
                    1.0
                ]
            ]
        },
        {
            "file_path": "train\\0029.png",
            "transform_matrix": [
                [
                    0.9271813631057739,
                    -0.03915807232260704,
                    0.3725605010986328,
                    1.6065219640731812
                ],
                [
                    0.3746126890182495,
                    0.0969151109457016,
                    -0.9221023917198181,
                    -3.952173948287964
                ],
                [
                    1.0093253877130337e-06,
                    0.9945220351219177,
                    0.10452699661254883,
                    1.5357409715652466
                ],
                [
                    0.0,
                    0.0,
                    0.0,
                    1.0
                ]
            ]
        },
        {
            "file_path": "train\\0030.png",
            "transform_matrix": [
                [
                    0.9702940583229065,
                    0.01350419782102108,
                    0.24155139923095703,
                    0.7431631684303284
                ],
                [
                    0.2419285923242569,
                    -0.05416540428996086,
                    -0.9687809944152832,
                    -2.9082071781158447
                ],
                [
                    1.118938143918058e-06,
                    0.998440682888031,
                    -0.055823422968387604,
                    1.1516457796096802
                ],
                [
                    0.0,
                    0.0,
                    0.0,
                    1.0
                ]
            ]
        },
        {
            "file_path": "train\\0031.png",
            "transform_matrix": [
                [
                    0.8480521440505981,
                    0.12460294365882874,
                    -0.5150550007820129,
                    -1.6977996826171875
                ],
                [
                    -0.5299127697944641,
                    0.19941142201423645,
                    -0.824273943901062,
                    -2.395108938217163
                ],
                [
                    8.958457442531653e-07,
                    0.971961498260498,
                    0.23513998091220856,
                    1.9969485998153687
                ],
                [
                    0.0,
                    0.0,
                    0.0,
                    1.0
                ]
            ]
        },
        {
            "file_path": "train\\0032.png",
            "transform_matrix": [
                [
                    -0.8589559197425842,
                    0.18183167278766632,
                    -0.47867727279663086,
                    -1.5558525323867798
                ],
                [
                    -0.5120494961738586,
                    -0.30501890182495117,
                    0.8029749393463135,
                    2.567046642303467
                ],
                [
                    6.660220606136136e-07,
                    0.9348265528678894,
                    0.35510462522506714,
                    2.397022247314453
                ],
                [
                    0.0,
                    0.0,
                    0.0,
                    1.0
                ]
            ]
        },
        {
            "file_path": "train\\0033.png",
            "transform_matrix": [
                [
                    -0.9993910789489746,
                    0.00364801287651062,
                    0.03470107540488243,
                    0.09147927165031433
                ],
                [
                    0.03489230200648308,
                    0.10446649044752121,
                    0.9939161539077759,
                    3.1325576305389404
                ],
                [
                    7.18963633516978e-07,
                    0.9945217370986938,
                    -0.10453017055988312,
                    0.9421156644821167
                ],
                [
                    0.0,
                    0.0,
                    0.0,
                    1.0
                ]
            ]
        },
        {
            "file_path": "train\\0034.png",
            "transform_matrix": [
                [
                    -0.9993910789489746,
                    0.003648012178018689,
                    0.03470107540488243,
                    0.1030629575252533
                ],
                [
                    0.03489230200648308,
                    0.10446637868881226,
                    0.9939161539077759,
                    3.0576412677764893
                ],
                [
                    7.224747946565913e-07,
                    0.9945217370986938,
                    -0.10453005135059357,
                    0.23362407088279724
                ],
                [
                    0.0,
                    0.0,
                    0.0,
                    1.0
                ]
            ]
        },
        {
            "file_path": "train\\0035.png",
            "transform_matrix": [
                [
                    -0.6374183297157288,
                    -0.01613759994506836,
                    -0.7703489065170288,
                    -2.394078493118286
                ],
                [
                    -0.7705179452896118,
                    0.013350901193916798,
                    0.6372784972190857,
                    1.9186787605285645
                ],
                [
                    7.073041388139245e-07,
                    0.9997806549072266,
                    -0.020944418385624886,
                    0.5138815641403198
                ],
                [
                    0.0,
                    0.0,
                    0.0,
                    1.0
                ]
            ]
        },
        {
            "file_path": "train\\0036.png",
            "transform_matrix": [
                [
                    -0.34856486320495605,
                    -0.03271259739995003,
                    -0.9367136359214783,
                    -2.9010584354400635
                ],
                [
                    -0.9372846484184265,
                    0.012166198343038559,
                    0.34835249185562134,
                    1.0382053852081299
                ],
                [
                    7.286415666385437e-07,
                    0.999390721321106,
                    -0.03490172699093819,
                    0.4713484048843384
                ],
                [
                    0.0,
                    0.0,
                    0.0,
                    1.0
                ]
            ]
        },
        {
            "file_path": "train\\0037.png",
            "transform_matrix": [
                [
                    0.7046400308609009,
                    -2.045172095677117e-06,
                    -0.7095649838447571,
                    -2.255844831466675
                ],
                [
                    -0.7095649838447571,
                    -8.785858653936884e-07,
                    -0.7046400308609009,
                    -2.1233584880828857
                ],
                [
                    8.17696388821787e-07,
                    1.0,
                    -2.0702693745988654e-06,
                    0.5748633146286011
                ],
                [
                    0.0,
                    0.0,
                    0.0,
                    1.0
                ]
            ]
        },
        {
            "file_path": "train\\0038.png",
            "transform_matrix": [
                [
                    0.9999026656150818,
                    -0.0002931440540123731,
                    -0.013950455002486706,
                    -0.07216653227806091
                ],
                [
                    -0.01395353488624096,
                    -0.020942963659763336,
                    -0.9996833205223083,
                    -3.022711992263794
                ],
                [
                    8.873301453604654e-07,
                    0.9997806549072266,
                    -0.02094501443207264,
                    0.47982874512672424
                ],
                [
                    0.0,
                    0.0,
                    0.0,
                    1.0
                ]
            ]
        },
        {
            "file_path": "train\\0039.png",
            "transform_matrix": [
                [
                    0.6211408972740173,
                    -0.03828217834234238,
                    0.7827633619308472,
                    2.3967912197113037
                ],
                [
                    0.7836989164352417,
                    0.030340421944856644,
                    -0.6203994154930115,
                    -1.814308524131775
                ],
                [
                    8.695724318386056e-07,
                    0.9988062381744385,
                    0.04884737730026245,
                    0.7024366855621338
                ],
                [
                    0.0,
                    0.0,
                    0.0,
                    1.0
                ]
            ]
        },
        {
            "file_path": "train\\0040.png",
            "transform_matrix": [
                [
                    0.46948233246803284,
                    0.1472448855638504,
                    -0.8705775737762451,
                    -2.7718353271484375
                ],
                [
                    -0.8829418420791626,
                    0.07829437404870987,
                    -0.4629078209400177,
                    -1.4287655353546143
                ],
                [
                    5.151550794835202e-07,
                    0.985996425151825,
                    0.16676649451255798,
                    1.7670408487319946
                ],
                [
                    0.0,
                    0.0,
                    0.0,
                    1.0
                ]
            ]
        }
    ]
}