{
    "camera_angle_x": 0.27517348527908325,
    "camera_angle_y": 0.18409369885921478,
    "fl_x": 16640.0,
    "fl_y": 16640.0,
    "k1": 0.0,
    "k2": 0.0,
    "p1": 0.0,
    "p2": 0.0,
    "cx": 1728.0,
    "cy": 2304.0,
    "w": 3456.0,
    "h": 4608.0,
    "aabb_scale": 4,
    "frames": [
        {
            "file_path": "train\\0001.png",
            "transform_matrix": [
                [
                    1.0,
                    0.0,
                    0.0,
                    0.0
                ],
                [
                    0.0,
                    7.549790126404332e-08,
                    -1.0,
                    -6.959999084472656
                ],
                [
                    0.0,
                    1.0,
                    7.549790126404332e-08,
                    0.9100002646446228
                ],
                [
                    0.0,
                    0.0,
                    0.0,
                    1.0
                ]
            ]
        },
        {
            "file_path": "train\\0002.png",
            "transform_matrix": [
                [
                    0.9372820258140564,
                    0.034014444798231125,
                    -0.3469083309173584,
                    -2.498117685317993
                ],
                [
                    -0.34857189655303955,
                    0.09146280586719513,
                    -0.9328087568283081,
                    -6.579463481903076
                ],
                [
                    2.3526396830675367e-07,
                    0.9952273964881897,
                    0.09758292138576508,
                    1.608750581741333
                ],
                [
                    0.0,
                    0.0,
                    0.0,
                    1.0
                ]
            ]
        },
        {
            "file_path": "train\\0003.png",
            "transform_matrix": [
                [
                    0.9892723560333252,
                    0.036329057067632675,
                    -0.14149345457553864,
                    -1.0400301218032837
                ],
                [
                    -0.14608284831047058,
                    0.24602165818214417,
                    -0.9581926465034485,
                    -6.751890659332275
                ],
                [
                    2.197579789253723e-07,
                    0.9685832858085632,
                    0.24868948757648468,
                    2.7046940326690674
                ],
                [
                    0.0,
                    0.0,
                    0.0,
                    1.0
                ]
            ]
        },
        {
            "file_path": "train\\0004.png",
            "transform_matrix": [
                [
                    0.9999025464057922,
                    -0.0028077031020075083,
                    0.013677108101546764,
                    0.05374446511268616
                ],
                [
                    0.013962323777377605,
                    0.20105718076229095,
                    -0.979479968547821,
                    -6.901942253112793
                ],
                [
                    2.0820955626277282e-07,
                    0.9795754551887512,
                    0.20107677578926086,
                    2.3690805435180664
                ],
                [
                    0.0,
                    0.0,
                    0.0,
                    1.0
                ]
            ]
        },
        {
            "file_path": "train\\0005.png",
            "transform_matrix": [
                [
                    0.9552782773971558,
                    -0.035012662410736084,
                    0.29362818598747253,
                    2.048048734664917
                ],
                [
                    0.2957082986831665,
                    0.11310682445764542,
                    -0.9485586285591125,
                    -6.682560443878174
                ],
                [
                    2.1368907709984342e-07,
                    0.9929657578468323,
                    0.11840202659368515,
                    1.7456989288330078
                ],
                [
                    0.0,
                    0.0,
                    0.0,
                    1.0
                ]
            ]
        },
        {
            "file_path": "train\\0006.png",
            "transform_matrix": [
                [
                    0.9719609618186951,
                    0.02621128410100937,
                    0.23367685079574585,
                    1.6319081783294678
                ],
                [
                    0.2351423054933548,
                    -0.10834532976150513,
                    -0.9659034013748169,
                    -6.8024797439575195
                ],
                [
                    2.2821379275228537e-07,
                    0.9937676787376404,
                    -0.11147081106901169,
                    0.11858296394348145
                ],
                [
                    0.0,
                    0.0,
                    0.0,
                    1.0
                ]
            ]
        },
        {
            "file_path": "train\\0007.png",
            "transform_matrix": [
                [
                    0.966823399066925,
                    -0.056594014167785645,
                    -0.249097540974617,
                    -1.7710988521575928
                ],
                [
                    -0.2554456293582916,
                    -0.21419893205165863,
                    -0.942797064781189,
                    -6.639605522155762
                ],
                [
                    2.4619410510240414e-07,
                    0.9751492142677307,
                    -0.22154924273490906,
                    -0.6573437452316284
                ],
                [
                    0.0,
                    0.0,
                    0.0,
                    1.0
                ]
            ]
        },
        {
            "file_path": "train\\0008.png",
            "transform_matrix": [
                [
                    0.7793377041816711,
                    -0.06114645674824715,
                    -0.6236135363578796,
                    -4.404862403869629
                ],
                [
                    -0.6266041398048401,
                    -0.07605044543743134,
                    -0.7756181955337524,
                    -5.464420318603516
                ],
                [
                    2.1538041039548261e-07,
                    0.9952273368835449,
                    -0.0975835993885994,
                    0.20290297269821167
                ],
                [
                    0.0,
                    0.0,
                    0.0,
                    1.0
                ]
            ]
        },
        {
            "file_path": "train\\0009.png",
            "transform_matrix": [
                [
                    0.7660440802574158,
                    0.12044553458690643,
                    -0.6314026713371277,
                    -4.459766387939453
                ],
                [
                    -0.6427880525588989,
                    0.14354179799556732,
                    -0.7524754405021667,
                    -5.301290512084961
                ],
                [
                    3.731504989445966e-07,
                    0.9822874665260315,
                    0.18738029897212982,
                    2.2115745544433594
                ],
                [
                    0.0,
                    0.0,
                    0.0,
                    1.0
                ]
            ]
        },
        {
            "file_path": "train\\0010.png",
            "transform_matrix": [
                [
                    0.46947118639945984,
                    0.23149853944778442,
                    -0.8520594239234924,
                    -6.015143871307373
                ],
                [
                    -0.8829478025436401,
                    0.12309068441390991,
                    -0.45304733514785767,
                    -3.1906630992889404
                ],
                [
                    7.86710415923153e-07,
                    0.9650166630744934,
                    0.2621886432170868,
                    2.738889217376709
                ],
                [
                    0.0,
                    0.0,
                    0.0,
                    1.0
                ]
            ]
        },
        {
            "file_path": "train\\0011.png",
            "transform_matrix": [
                [
                    0.3288663327693939,
                    0.10526798665523529,
                    -0.9384911060333252,
                    -6.6243896484375
                ],
                [
                    -0.9443764686584473,
                    0.03665884584188461,
                    -0.32681673765182495,
                    -2.300881862640381
                ],
                [
                    6.60826060538966e-07,
                    0.9937679767608643,
                    0.11146847158670425,
                    1.676483392715454
                ],
                [
                    0.0,
                    0.0,
                    0.0,
                    1.0
                ]
            ]
        },
        {
            "file_path": "train\\0012.png",
            "transform_matrix": [
                [
                    0.1598808765411377,
                    -0.07573231309652328,
                    -0.9842269420623779,
                    -6.946776390075684
                ],
                [
                    -0.9871363043785095,
                    -0.012265224941074848,
                    -0.15940973162651062,
                    -1.1208516359329224
                ],
                [
                    7.019943382147176e-07,
                    0.9970527291297913,
                    -0.07671909034252167,
                    0.3499743938446045
                ],
                [
                    0.0,
                    0.0,
                    0.0,
                    1.0
                ]
            ]
        },
        {
            "file_path": "train\\0013.png",
            "transform_matrix": [
                [
                    0.1529851257801056,
                    -0.12385843694210052,
                    -0.9804359674453735,
                    -6.9200544357299805
                ],
                [
                    -0.9882284998893738,
                    -0.01917341910302639,
                    -0.15177887678146362,
                    -1.0670630931854248
                ],
                [
                    7.843296998544247e-07,
                    0.9921146631240845,
                    -0.12533368170261383,
                    0.007297098636627197
                ],
                [
                    0.0,
                    0.0,
                    0.0,
                    1.0
                ]
            ]
        },
        {
            "file_path": "train\\0014.png",
            "transform_matrix": [
                [
                    -0.18738237023353577,
                    -0.08902747184038162,
                    -0.9782443046569824,
                    -6.904605865478516
                ],
                [
                    -0.9822870492935181,
                    0.016983747482299805,
                    0.1866111010313034,
                    1.3182013034820557
                ],
                [
                    7.386796596620115e-07,
                    0.995884358882904,
                    -0.09063299000263214,
                    0.25189661979675293
                ],
                [
                    0.0,
                    0.0,
                    0.0,
                    1.0
                ]
            ]
        },
        {
            "file_path": "train\\0015.png",
            "transform_matrix": [
                [
                    -0.2890329360961914,
                    -0.27029138803482056,
                    -0.918369472026825,
                    -6.482557773590088
                ],
                [
                    -0.9573191404342651,
                    0.0816069096326828,
                    0.2772730588912964,
                    1.957265019416809
                ],
                [
                    7.702953439547855e-07,
                    0.9593137502670288,
                    -0.28234219551086426,
                    -1.0994360446929932
                ],
                [
                    0.0,
                    0.0,
                    0.0,
                    1.0
                ]
            ]
        },
        {
            "file_path": "train\\0016.png",
            "transform_matrix": [
                [
                    0.7965304255485535,
                    0.10082748532295227,
                    0.5961317420005798,
                    4.192954063415527
                ],
                [
                    0.6045984029769897,
                    -0.13283784687519073,
                    -0.7853756546974182,
                    -5.533200740814209
                ],
                [
                    1.4024562915437855e-06,
                    0.985995888710022,
                    -0.16676951944828033,
                    -0.28477942943573
                ],
                [
                    0.0,
                    0.0,
                    0.0,
                    1.0
                ]
            ]
        },
        {
            "file_path": "train\\0017.png",
            "transform_matrix": [
                [
                    0.7431450486183167,
                    -0.10236772894859314,
                    0.6612535715103149,
                    4.651988506317139
                ],
                [
                    0.6691303849220276,
                    0.11368884146213531,
                    -0.734397292137146,
                    -5.173861503601074
                ],
                [
                    1.432679937352077e-06,
                    0.9882285594940186,
                    0.1529846489429474,
                    1.9691253900527954
                ],
                [
                    0.0,
                    0.0,
                    0.0,
                    1.0
                ]
            ]
        },
        {
            "file_path": "train\\0018.png",
            "transform_matrix": [
                [
                    0.3810705840587616,
                    -0.16054490208625793,
                    0.910500168800354,
                    6.408893585205078
                ],
                [
                    0.92454594373703,
                    0.06617029011249542,
                    -0.37528160214424133,
                    -2.642504930496216
                ],
                [
                    1.4923275557521265e-06,
                    0.9848080277442932,
                    0.1736466884613037,
                    2.1147689819335938
                ],
                [
                    0.0,
                    0.0,
                    0.0,
                    1.0
                ]
            ]
        },
        {
            "file_path": "train\\0019.png",
            "transform_matrix": [
                [
                    0.15988147258758545,
                    0.027563920244574547,
                    0.9867513179779053,
                    6.946377754211426
                ],
                [
                    0.9871362447738647,
                    -0.004465752746909857,
                    -0.159819096326828,
                    -1.1237391233444214
                ],
                [
                    1.3464363064485951e-06,
                    0.9996100664138794,
                    -0.027923336252570152,
                    0.6939293742179871
                ],
                [
                    0.0,
                    0.0,
                    0.0,
                    1.0
                ]
            ]
        },
        {
            "file_path": "train\\0020.png",
            "transform_matrix": [
                [
                    -0.02792154811322689,
                    -0.10448609292507172,
                    0.9941343069076538,
                    6.998420238494873
                ],
                [
                    0.9996101260185242,
                    -0.002919793128967285,
                    0.027768464758992195,
                    0.19853994250297546
                ],
                [
                    1.2481955309340265e-06,
                    0.9945220351219177,
                    0.10452688485383987,
                    1.6275522708892822
                ],
                [
                    0.0,
                    0.0,
                    0.0,
                    1.0
                ]
            ]
        },
        {
            "file_path": "train\\0021.png",
            "transform_matrix": [
                [
                    -0.2621886134147644,
                    0.23999160528182983,
                    0.9346984028816223,
                    6.579465866088867
                ],
                [
                    0.9650166630744934,
                    0.06520268321037292,
                    0.2539517283439636,
                    1.7928755283355713
                ],
                [
                    1.4378132391357212e-06,
                    0.968582808971405,
                    -0.24869130551815033,
                    -0.8622374534606934
                ],
                [
                    0.0,
                    0.0,
                    0.0,
                    1.0
                ]
            ]
        },
        {
            "file_path": "train\\0022.png",
            "transform_matrix": [
                [
                    -0.02094227261841297,
                    1.2645422202695045e-06,
                    0.9997807145118713,
                    7.038221836090088
                ],
                [
                    0.9997807145118713,
                    -1.3590031358035048e-06,
                    0.02094227261841297,
                    0.15042228996753693
                ],
                [
                    1.3851874882675475e-06,
                    1.0,
                    -1.235804234056559e-06,
                    0.8907450437545776
                ],
                [
                    0.0,
                    0.0,
                    0.0,
                    1.0
                ]
            ]
        },
        {
            "file_path": "train\\0023.png",
            "transform_matrix": [
                [
                    -0.187381312251091,
                    -0.0958525761961937,
                    0.9775993824005127,
                    6.881869792938232
                ],
                [
                    0.9822872281074524,
                    -0.018286239355802536,
                    0.18648691475391388,
                    1.3173251152038574
                ],
                [
                    1.3647342029798892e-06,
                    0.995227575302124,
                    0.09758125990629196,
                    1.5785887241363525
                ],
                [
                    0.0,
                    0.0,
                    0.0,
                    1.0
                ]
            ]
        },
        {
            "file_path": "train\\0024.png",
            "transform_matrix": [
                [
                    -0.6691306829452515,
                    -0.09828351438045502,
                    0.7366169691085815,
                    5.183216571807861
                ],
                [
                    0.7431448101997375,
                    -0.0884966179728508,
                    0.6632527112960815,
                    4.677984237670898
                ],
                [
                    1.3037379176239483e-06,
                    0.9912157654762268,
                    0.1322546750307083,
                    1.8229968547821045
                ],
                [
                    0.0,
                    0.0,
                    0.0,
                    1.0
                ]
            ]
        },
        {
            "file_path": "train\\0025.png",
            "transform_matrix": [
                [
                    -0.6534203290939331,
                    0.10535549372434616,
                    0.749627947807312,
                    5.274930000305176
                ],
                [
                    0.7569952607154846,
                    0.0909387469291687,
                    0.647061288356781,
                    4.563853740692139
                ],
                [
                    1.2327427612035535e-06,
                    0.990267813205719,
                    -0.13917483389377594,
                    -0.0902758240699768
                ],
                [
                    0.0,
                    0.0,
                    0.0,
                    1.0
                ]
            ]
        },
        {
            "file_path": "train\\0026.png",
            "transform_matrix": [
                [
                    -0.8480479121208191,
                    -0.02218879759311676,
                    0.52945476770401,
                    3.7229583263397217
                ],
                [
                    0.5299195647239685,
                    -0.03551158308982849,
                    0.847304105758667,
                    5.975340366363525
                ],
                [
                    1.1179652119608363e-06,
                    0.9991229176521301,
                    0.04187380149960518,
                    1.1859097480773926
                ],
                [
                    0.0,
                    0.0,
                    0.0,
                    1.0
                ]
            ]
        },
        {
            "file_path": "train\\0027.png",
            "transform_matrix": [
                [
                    -0.9593138694763184,
                    -0.00394047237932682,
                    0.2823142409324646,
                    1.9808963537216187
                ],
                [
                    0.28234174847602844,
                    -0.013392428867518902,
                    0.9592204093933105,
                    6.764223098754883
                ],
                [
                    1.0920191471086582e-06,
                    0.9999025464057922,
                    0.013960102573037148,
                    0.9891480803489685
                ],
                [
                    0.0,
                    0.0,
                    0.0,
                    1.0
                ]
            ]
        },
        {
            "file_path": "train\\0028.png",
            "transform_matrix": [
                [
                    -0.9650165438652039,
                    0.007321362383663654,
                    -0.26208677887916565,
                    -1.8565152883529663
                ],
                [
                    -0.26218900084495544,
                    -0.02694263868033886,
                    0.9646403789520264,
                    6.802428245544434
                ],
                [
                    1.1724840760507504e-06,
                    0.999610185623169,
                    0.027919672429561615,
                    1.0875475406646729
                ],
                [
                    0.0,
                    0.0,
                    0.0,
                    1.0
                ]
            ]
        },
        {
            "file_path": "train\\0029.png",
            "transform_matrix": [
                [
                    -0.8796476721763611,
                    0.1374707967042923,
                    -0.45532599091529846,
                    -3.2246899604797363
                ],
                [
                    -0.4756258726119995,
                    -0.25424331426620483,
                    0.8421047329902649,
                    5.921226978302002
                ],
                [
                    1.2098918205083464e-06,
                    0.9573202729225159,
                    0.28902921080589294,
                    2.9694128036499023
                ],
                [
                    0.0,
                    0.0,
                    0.0,
                    1.0
                ]
            ]
        },
        {
            "file_path": "train\\0030.png",
            "transform_matrix": [
                [
                    -0.9999025464057922,
                    -0.006466596852988005,
                    0.012371999211609364,
                    0.0720532089471817
                ],
                [
                    0.01396005880087614,
                    -0.4632481634616852,
                    0.8861186504364014,
                    6.231474876403809
                ],
                [
                    1.1336120451233e-06,
                    0.8862050175666809,
                    0.46329328417778015,
                    4.197779178619385
                ],
                [
                    0.0,
                    0.0,
                    0.0,
                    1.0
                ]
            ]
        },
        {
            "file_path": "train\\0031.png",
            "transform_matrix": [
                [
                    -0.9997806549072266,
                    -0.010723150335252285,
                    -0.017990263178944588,
                    -0.14196479320526123
                ],
                [
                    -0.02094362862408161,
                    0.5119333863258362,
                    0.8587698340415955,
                    6.038695812225342
                ],
                [
                    1.0986203733409639e-06,
                    0.8589582443237305,
                    -0.512045681476593,
                    -2.677260398864746
                ],
                [
                    0.0,
                    0.0,
                    0.0,
                    1.0
                ]
            ]
        },
        {
            "file_path": "train\\0032.png",
            "transform_matrix": [
                [
                    0.9999756217002869,
                    -0.002841467969119549,
                    0.006379822269082069,
                    0.02982085570693016
                ],
                [
                    0.0069839865900576115,
                    0.4067232012748718,
                    -0.9135247468948364,
                    -6.453982830047607
                ],
                [
                    9.296819598603179e-07,
                    0.9135470390319824,
                    0.40673312544822693,
                    3.7990987300872803
                ],
                [
                    0.0,
                    0.0,
                    0.0,
                    1.0
                ]
            ]
        },
        {
            "file_path": "train\\0033.png",
            "transform_matrix": [
                [
                    0.7046318650245667,
                    -0.40901899337768555,
                    0.5798252820968628,
                    4.071966171264648
                ],
                [
                    0.7095730304718018,
                    0.40616950392723083,
                    -0.5757884979248047,
                    -4.073322772979736
                ],
                [
                    1.0882212109208922e-06,
                    0.8171473741531372,
                    0.5764288306236267,
                    4.995264053344727
                ],
                [
                    0.0,
                    0.0,
                    0.0,
                    1.0
                ]
            ]
        },
        {
            "file_path": "train\\0034.png",
            "transform_matrix": [
                [
                    -0.01396519597619772,
                    -0.48170286417007446,
                    0.8762233257293701,
                    6.161240100860596
                ],
                [
                    0.9999024868011475,
                    -0.006728648208081722,
                    0.012237319722771645,
                    0.07159902900457382
                ],
                [
                    1.046748479893722e-06,
                    0.876308798789978,
                    0.48174983263015747,
                    4.327882766723633
                ],
                [
                    0.0,
                    0.0,
                    0.0,
                    1.0
                ]
            ]
        },
        {
            "file_path": "train\\0035.png",
            "transform_matrix": [
                [
                    -0.7193422317504883,
                    -0.41221892833709717,
                    0.5591263771057129,
                    3.9260621070861816
                ],
                [
                    0.6946558356285095,
                    -0.4268692433834076,
                    0.5789955854415894,
                    4.066608428955078
                ],
                [
                    9.359816885989858e-07,
                    0.8048964142799377,
                    0.593415379524231,
                    5.114999294281006
                ],
                [
                    0.0,
                    0.0,
                    0.0,
                    1.0
                ]
            ]
        },
        {
            "file_path": "train\\0036.png",
            "transform_matrix": [
                [
                    -0.9975643157958984,
                    -0.03402843698859215,
                    0.06088951230049133,
                    0.4140510559082031
                ],
                [
                    0.06975290179252625,
                    -0.48666736483573914,
                    0.8707981109619141,
                    6.123489856719971
                ],
                [
                    1.0376963928138139e-06,
                    0.8729243278503418,
                    0.48785558342933655,
                    4.3709211349487305
                ],
                [
                    0.0,
                    0.0,
                    0.0,
                    1.0
                ]
            ]
        },
        {
            "file_path": "train\\0037.png",
            "transform_matrix": [
                [
                    -0.5533882975578308,
                    0.41141268610954285,
                    -0.7242243885993958,
                    -5.120123386383057
                ],
                [
                    -0.832923412322998,
                    -0.2733384370803833,
                    0.4811701476573944,
                    3.377049446105957
                ],
                [
                    1.1195305660294252e-06,
                    0.8694973587989807,
                    0.49393755197525024,
                    4.413791179656982
                ],
                [
                    0.0,
                    0.0,
                    0.0,
                    1.0
                ]
            ]
        },
        {
            "file_path": "train\\0038.png",
            "transform_matrix": [
                [
                    -0.11839968711137772,
                    0.5261877179145813,
                    -0.8420854806900024,
                    -5.9509124755859375
                ],
                [
                    -0.9929659962654114,
                    -0.0627407431602478,
                    0.10040958970785141,
                    0.693115770816803
                ],
                [
                    1.224877109962108e-06,
                    0.8480507135391235,
                    0.5299150347709656,
                    4.667391777038574
                ],
                [
                    0.0,
                    0.0,
                    0.0,
                    1.0
                ]
            ]
        },
        {
            "file_path": "train\\0039.png",
            "transform_matrix": [
                [
                    0.8171473741531372,
                    0.2562969923019409,
                    -0.5163158178329468,
                    -3.654599666595459
                ],
                [
                    -0.5764287710189819,
                    0.36332952976226807,
                    -0.7319299578666687,
                    -5.173949241638184
                ],
                [
                    1.3257841828817618e-06,
                    0.8957139849662781,
                    0.4446307420730591,
                    4.066232681274414
                ],
                [
                    0.0,
                    0.0,
                    0.0,
                    1.0
                ]
            ]
        },
        {
            "file_path": "train\\0040.png",
            "transform_matrix": [
                [
                    0.9999756813049316,
                    -0.0019247988238930702,
                    -0.006707077845931053,
                    -0.06242790445685387
                ],
                [
                    -0.006977803539484739,
                    -0.27563580870628357,
                    -0.961236834526062,
                    -6.790307998657227
                ],
                [
                    1.4766898175366805e-06,
                    0.961260199546814,
                    -0.2756425142288208,
                    -1.0108895301818848
                ],
                [
                    0.0,
                    0.0,
                    0.0,
                    1.0
                ]
            ]
        },
        {
            "file_path": "train\\0041.png",
            "transform_matrix": [
                [
                    0.8090147972106934,
                    0.1422007977962494,
                    0.5703279972076416,
                    4.005024433135986
                ],
                [
                    0.5877882838249207,
                    -0.1957235187292099,
                    -0.7849823236465454,
                    -5.547911643981934
                ],
                [
                    1.4942384041205514e-06,
                    0.9702944159507751,
                    -0.24192719161510468,
                    -0.7732340097427368
                ],
                [
                    0.0,
                    0.0,
                    0.0,
                    1.0
                ]
            ]
        },
        {
            "file_path": "train\\0042.png",
            "transform_matrix": [
                [
                    0.23513807356357574,
                    0.22195318341255188,
                    0.9462805390357971,
                    6.6550703048706055
                ],
                [
                    0.9719619750976562,
                    -0.0536966510117054,
                    -0.22892484068870544,
                    -1.6283290386199951
                ],
                [
                    1.499824861639354e-06,
                    0.9735776782035828,
                    -0.22835618257522583,
                    -0.6775729656219482
                ],
                [
                    0.0,
                    0.0,
                    0.0,
                    1.0
                ]
            ]
        },
        {
            "file_path": "train\\0043.png",
            "transform_matrix": [
                [
                    -0.5417123436927795,
                    0.19194917380809784,
                    0.8183540105819702,
                    5.75333309173584
                ],
                [
                    0.840563952922821,
                    0.12370214611291885,
                    0.5273993015289307,
                    3.702910900115967
                ],
                [
                    1.72082536664675e-06,
                    0.9735775589942932,
                    -0.22835654020309448,
                    -0.6775753498077393
                ],
                [
                    0.0,
                    0.0,
                    0.0,
                    1.0
                ]
            ]
        },
        {
            "file_path": "train\\0044.png",
            "transform_matrix": [
                [
                    -0.9795763492584229,
                    0.043180011212825775,
                    0.1963813304901123,
                    1.3691219091415405
                ],
                [
                    0.20107248425483704,
                    0.21035492420196533,
                    0.9567239284515381,
                    6.7291717529296875
                ],
                [
                    1.5691433645770303e-06,
                    0.976671040058136,
                    -0.21474102139472961,
                    -0.5816010236740112
                ],
                [
                    0.0,
                    0.0,
                    0.0,
                    1.0
                ]
            ]
        },
        {
            "file_path": "train\\0045.png",
            "transform_matrix": [
                [
                    -0.8625105619430542,
                    -0.09829176217317581,
                    -0.4964013397693634,
                    -3.5142226219177246
                ],
                [
                    -0.5060390830039978,
                    0.16753481328487396,
                    0.8460830450057983,
                    5.949278831481934
                ],
                [
                    1.5157032748902566e-06,
                    0.9809540510177612,
                    -0.1942400187253952,
                    -0.4370918273925781
                ],
                [
                    0.0,
                    0.0,
                    0.0,
                    1.0
                ]
            ]
        },
        {
            "file_path": "train\\0046.png",
            "transform_matrix": [
                [
                    -0.3810647130012512,
                    -0.16055099666118622,
                    -0.9105015397071838,
                    -6.433168411254883
                ],
                [
                    -0.9245483875274658,
                    0.06617484241724014,
                    0.3752748370170593,
                    2.630605697631836
                ],
                [
                    1.5509436934735277e-06,
                    0.9848067164421082,
                    -0.17365404963493347,
                    -0.291983962059021
                ],
                [
                    0.0,
                    0.0,
                    0.0,
                    1.0
                ]
            ]
        },
        {
            "file_path": "train\\0047.png",
            "transform_matrix": [
                [
                    0.444641649723053,
                    -0.19234605133533478,
                    -0.8748124241828918,
                    -6.181601524353027
                ],
                [
                    -0.8957085609436035,
                    -0.09548141807317734,
                    -0.43426892161369324,
                    -3.0757741928100586
                ],
                [
                    1.5798987078596838e-06,
                    0.976671040058136,
                    -0.21474102139472961,
                    -0.5816015005111694
                ],
                [
                    0.0,
                    0.0,
                    0.0,
                    1.0
                ]
            ]
        },
        {
            "file_path": "train\\0048.png",
